Sample	Mutation	EGFR	HRAS	KRAS	MAP2K1	MET	NRAS	PIK3CA	PTPN11	STK11	Age	ECOG	Gender	Location	pM	pN	pT	Stage	os_status	os_time	pfs_status	pfs_time	Smoking
TCGA-75-6205-01	0	0	0	0	0	1	0	0	0	0			0	2	0	0	2	1					0
TCGA-4B-A93V-01											0	0	0	2	0	0	1	1	1	300	1	251	1
TCGA-78-7633-01	1	0	0	0	0	0	0	0	0	0	1	0	1		0	0	2	1	1	1528	1	1450	1
TCGA-55-6712-01	0	0	0	0	0	1	0	0	0	0	1		1			1	2	2	1	171	1	171	1
TCGA-73-4675-01	0	0	0	0	0	0	0	0	0	0	0	0	1	2	0	1	3	3	1	922	1	361	1
TCGA-50-6594-01											1		0		0	2	3	3	1	370	1	285	1
TCGA-78-7145-01	1	0	0	1	0	0	0	0	0	0	0	1	0	2	1	1	4	4	1	826	1	422	1
TCGA-55-7907-01	1	0	0	1	0	0	0	0	0	0	1		1			1	2	2	1	343	1	294	0
TCGA-75-5125-01													1	2	0	1	2	2	1	2027	1	1752	0
TCGA-55-6979-01	0	0	0	0	0	0	0	0	0	0	0		0		0	1	2	2	1	237	1	195	0
TCGA-55-7227-01											1		1			1	3	3	1	952	1	255	0
TCGA-50-7109-01	0	0	0	0	0	0	0	0	0	1	0		1		0	0	1	1	1	308	1	15	1
TCGA-78-7535-01	0	0	0	0	0	0	0	0	0	1	0	0	1		0	0	2	1	1	949	1	809	1
TCGA-55-6972-01	0	0	0	0	0	0	0	0	0	0	1		1		0	0	2	1	1	1632	0	1632	1
TCGA-55-7914-01	1	0	0	1	0	0	0	0	0	0	1	1	0	1		1	1	2	1	187	1	187	1
TCGA-78-7147-01	1	1	0	0	0	0	0	0	0	0	1	1	0	2	0	1	2	2	1	586	1	578	1
TCGA-05-5429-01	0	0	0	0	0	0	0	0	0	0	0		1		0	2	3	3	1	275	0	275	0
TCGA-50-5055-01	0	0	0	0	0	0	0	0	0	0	1		0		0	1	1	2	1	1830	1	771	
TCGA-50-5068-01	0	0	0	0	0	0	0	0	0	0	0		0			1	2	2	1	1499	1	686	
TCGA-95-8494-01											1		1		0	1	2	2	0	84	0	84	
TCGA-44-A47G-01											1	0	0		0	0	1	1	0	351	0	351	1
TCGA-44-6776-01	1	0	0	1	0	0	0	0	0	1	0		0			0	1	1	0	2616	0	2616	1
TCGA-50-8457-01											1		0		0	0	1	1	0	1125	0	1125	1
TCGA-55-6543-01	1	0	0	0	0	0	0	0	0	0	0		0	2		0	1	1	0	435	0	435	1
TCGA-44-2657-01	0	0	0	0	0	1	0	0	0	0	1	0	0		0		2	1	0	1351	0	1351	1
TCGA-55-6985-01	0	0	0	0	0	0	0	0	0	0	0		0			0	2	1	0	1233	0	1233	1
TCGA-55-7728-01	1	0	0	1	0	0	0	0	0	0	1		0			0	2	1	0	704	0	704	1
TCGA-69-A59K-01											0	2	0		0	0	3	2	0	591	0	591	1
TCGA-49-6761-01	1	0	0	1	0	1	0	0	0	0	1		0			2	1	3	0	354	0	354	1
TCGA-67-3770-01											1		0	1	0	0	1	1	0	610	0	610	0
TCGA-44-5645-01	0	0	0	0	0	0	0	1	0	0	1		0				1	1	0	852	0	852	0
TCGA-55-7725-01	1	0	0	1	0	0	0	0	0	0	1	0	0	1		0	1	1	0	442	0	442	0
TCGA-S2-AA1A-01											1		0		0	0	1	1	0	513	0	513	0
TCGA-55-7726-01	1	0	0	1	0	0	0	0	0	0	1		0			0	1	1	0	652	0	652	0
TCGA-62-A46V-01											1		0	2	0	0	2	1	0	2199	0	2199	0
TCGA-75-7025-01	1	1	0	0	0	0	0	0	0	0		0	1	2	0	0	2	1	0	3305	1	1481	0
TCGA-05-4403-01	1	0	0	1	0	1	0	0	0	0	1		1		0	0	2	1	0	578	0	578	0
TCGA-97-7552-01	0	0	0	0	0	0	0	0	0	0	1		1			0	2	1	0	1932	1	798	0
TCGA-78-7539-01	1	0	0	1	0	0	0	0	0	0	1	1	0		0	0	2	2	0	791	1	688	0
TCGA-44-6146-01	1	0	0	1	0	0	0	0	0	0	1	0	1		0	0	3	2	0	728	1	631	0
TCGA-64-1680-01	1	0	0	0	0	0	0	0	0	0	1		1		1	2	2	4	0	1126	0	1126	0
TCGA-93-A4JN-01											1	1	1		1	0	2	4	0	718	0	718	0
TCGA-49-AARO-01											0	3	0			0	1	1	0	3759	1	1144	1
TCGA-91-8499-01											1		0			0	1	1	0	36	0	36	1
TCGA-69-7979-01											1		0			0	2	1	0	408	0	408	1
TCGA-44-7662-01	0	0	0	0	0	0	0	0	0	0	1		1			0	2	1	0	218	0	218	1
TCGA-55-A48Y-01											1		1		0	0	2	2	0	630	0	630	1
TCGA-50-8459-01											1		1		0	0	3	2	0	1119	1	432	1
TCGA-95-7039-01	0	1	0	1	0	0	0	0	0	0	0	1	0			0	3	2	0	1272	1	1258	1
TCGA-44-7667-01											0		0			0	3	2	0	1097	0	1097	1
TCGA-44-3396-01	0	0	0	0	0	0	0	0	0	0	1	1	0		0	2	2	3	0	1130	0	1130	1
TCGA-44-5643-01											0	1	1		0	2	2	3	0	1013	0	1013	1
TCGA-97-8552-01											0	0	0			0	1	1	0	626	0	626	0
TCGA-67-6216-01	1	0	0	0	0	0	0	0	0	0	0		0	1	0	0	1	1	0	141	0	141	0
TCGA-86-8668-01											1	0	0	2	0	0	1	1	0	423	0	423	0
TCGA-55-A57B-01											1	0	0	2	0	0	1	1	0	546	0	546	0
TCGA-86-7953-01											1	1	0	2	0	0	1	1	0	997	0	997	0
TCGA-67-3772-01	1	1	0	0	0	0	0	0	0	0	1		0		0	0	2	1	0	573	0	573	0
TCGA-91-8496-01											1	0	0				2	1	0	505	0	505	0
TCGA-55-8087-01											0		0			0	2	1	0	462	0	462	0
TCGA-86-8279-01											0	1	1	2	0	1	2	2	0	949	0	949	0
TCGA-62-A46U-01											1		0	1	0	1	2	2	0	2067	0	2067	0
TCGA-86-8278-01											1	1	0	2	0	1	2	2	0	944	1	29	0
TCGA-97-8547-01											1		0			2	2	3	0	657	0	657	0
TCGA-50-8460-01											1		1		0	0	1	1	0	829	0	829	
TCGA-50-5049-01	0	0	0	0	0	0	0	0	1	0	1		1		0	0	2	1	0	3094	1	1568	
TCGA-73-4668-01											1	0	0	2	0	1	2	2	0	467	1	236	1
TCGA-44-2668-01											0	0	1		0	0	2	1	1	761	1	433	1
TCGA-55-7995-01											1	1	0	2	0	0	1	1	0	889	1	468	1
TCGA-86-8075-01											1	1	0	2	0	0	2	1	1	694	1	199	0
TCGA-55-7284-01											1		1			0	3	2	1	243	1	231	0
TCGA-86-8280-01											0	0	0	2	0	0	2	2	0	701	0	701	0
TCGA-55-8091-01											1		1			0	2	1	0	600	0	600	0
TCGA-L9-A7SV-01											1	0	1		0	1	2	2	0	565	0	565	0
TCGA-MN-A4N5-01											1	0	1		0	0	1	1	0	84	0	84	1
TCGA-38-4630-01											1		0	2	0	0	2	1	1	1073	1	524	0
TCGA-49-AARE-01											0	1	0			0	1	1	1	1229	1	388	1
TCGA-86-A4P8-01											0	0	0			2	1	3	0	805	0	805	0
TCGA-97-A4M0-01											0	0	0		0	0	2	1	0	652	0	652	1
TCGA-44-2661-01	1	1	0	0	0	0	0	0	0	0	1	1	0		0	0	1	1	0	1159	0	1159	0
TCGA-MP-A4T4-01											1	0	0		0	1	2	2	1	2617	0	2617	1
TCGA-69-8453-01											1	1	1	2		0	3	2	0	813	1	344	0
TCGA-55-7576-01	1	0	0	1	0	0	0	0	0	0	0		1		0	0	2	1	0	670	0	670	1
TCGA-97-A4M1-01											0	0	0		0	0	1	1	0	601	0	601	0
TCGA-50-6590-01											1		0		0	0	2	1	1	1288	0	1288	1
TCGA-86-8671-01											1	0	0	2	0	1	2	2	0	839	0	839	0
TCGA-67-6217-01	1	1	0	0	0	0	0	0	0	0	1		0	1	0	1	2	2	0	422	1	296	0
TCGA-73-4658-01	0	0	0	0	0	0	0	0	0	0	1		0	1	0	0	2	1	1	1600	0	1600	0
TCGA-49-6767-01	0	0	0	0	0	0	0	0	0	0	0		0			0	3	2	0	677	0	677	1
TCGA-78-7167-01	1	0	0	1	0	0	0	0	0	1	1	1	1	2	1	0	2	4	1	2681	1	726	1
TCGA-50-6591-01											1		0		1	0	2	4	1	119	1	119	0
TCGA-55-8510-01											0		0			0	2	1	0	539	0	539	1
TCGA-78-7156-01	0	0	0	0	0	0	0	0	0	1	1	1	1	2	1	1	4	4	1	976	0	976	0
TCGA-71-6725-01	0	0	0	0	0	0	0	0	0	0	0	2	0		0	0	2	1	0	256	1	164	1
TCGA-55-8205-01											1	0	0	1	0	0	2	2	0	599	1	495	1
TCGA-95-7948-01	0	0	0	0	0	0	0	1	0	0	0		0		0	0	2	1	0	476	0	476	0
TCGA-99-7458-01	1	0	0	1	0	0	0	0	0	0	1	1	0		0	0	4	3	0	747	0	747	1
TCGA-75-6203-01	1	0	0	0	0	0	0	0	0	0			0		0	2	2	3					0
TCGA-86-8672-01											0		1	1	0	0	3	2	1	19	0	19	0
TCGA-75-5146-01	1	0	0	0	0	0	0	0	0	1			1	2	0	0	2	1	0	2368	1	1773	0
TCGA-44-2662-01	0	0	0	0	0	0	0	0	0	0	1		1		0	0	2	1	0	1280	1	245	0
TCGA-38-4627-01	1	1	0	0	0	0	0	0	0	0	1		0	1	0	1	1	2	1	1147	0	1147	1
TCGA-78-7162-01	0	0	0	0	0	0	0	0	0	0	1	0	1	2	0	0	1	1	1	3169	1	2218	1
TCGA-55-8513-01											1	2	0			0	3	2	0	791	1	317	0
TCGA-95-8039-01											1	0	1			0	1	1	0	830	1	228	0
TCGA-75-6212-01	1	1	0	0	0	0	0	0	0	0		0	0	2	0	1	2	2	1	1516	1	1340	0
TCGA-73-7498-01	1	0	0	1	0	0	0	0	0	1	0	0	0	2	0	0	1	1	0	1189	0	1189	1
TCGA-05-4433-01	1	0	0	1	0	0	0	0	0	0	1		1		0	0	2	1	0	730	0	730	0
TCGA-55-8089-01											0	0	1	2	0	0	1	1	1	702	0	702	1
TCGA-91-6848-01											0		1			2	2	3	0	224	0	224	1
TCGA-44-7660-01											1	1	1			0	2	1	0	592	1	253	1
TCGA-55-8090-01											1		1		0	0	1	1	1	598	1	548	1
TCGA-62-A46Y-01											1		0	2	0	2	2	3	1	414	1	314	0
TCGA-44-6775-01	0	0	0	0	0	1	0	0	0	0	1		0			0	2	1	0	705	1	684	1
TCGA-50-5044-01	1	0	0	0	0	0	0	1	0	0	1		0		0	1	4	3	1	624	1	483	
TCGA-78-7163-01	1	0	0	0	0	0	0	0	0	0	0	1	1	2	0	0	2	1	0	7248	0	7248	1
TCGA-75-7030-01	1	0	0	1	0	0	0	0	0	0		0	1	2	0	0	3	2					0
TCGA-49-4501-01	1	1	0	0	0	0	0	0	0	0	1	1	0		0	0	2	1	1	1421	1	545	0
TCGA-99-AA5R-01											1	1	0		0	0	1	1	0	658	0	658	1
TCGA-97-8174-01											1	0	1		0	0	2	2	1	164	0	164	0
TCGA-J2-A4AE-01											1		0			0	1	1	0	1079	0	1079	0
TCGA-05-4426-01	1	0	0	0	0	0	0	0	0	0	1		1		0	0	2	1	0	791	1	457	0
TCGA-55-8514-01											1		0			0	2	1	0	520	0	520	1
TCGA-05-4398-01	0	0	0	0	0	0	0	0	0	0	0		0		0	3	4	3	0	1431	0	1431	1
TCGA-97-7553-01	0	0	0	0	0	0	0	0	0	0	0		0	1		0	1	1	0	1870	0	1870	1
TCGA-97-A4M6-01											0	0	0		0	0	1	1	0	568	0	568	0
TCGA-91-6847-01	1	1	0	0	0	1	0	0	0	0	1		0			0	2	1	0	842	1	772	0
TCGA-78-7542-01	0	0	0	0	0	0	0	0	0	0	0	0	1		0	0	2	1	1	321	0	321	1
TCGA-53-7626-01	0	0	0	0	0	0	0	0	0	0	1	0	0	2	0	1	1	2	1	929	1	865	1
TCGA-64-1681-01	1	1	0	0	0	0	0	0	0	0	1		0		0	0	1	1	1	1167	1	439	0
TCGA-49-6745-01	0	0	0	0	0	1	0	0	0	0	1		1		0	2	2	3	0	522	0	522	1
TCGA-62-A46R-01											0		0	1	0	0	2	1	1	1725	0	1725	1
TCGA-05-4427-01											1		0		0	1	2	2	0	791	0	791	1
TCGA-99-8033-01											1	2	0	2	1			4	1	656	1	656	0
TCGA-44-6779-01	0	0	0	0	0	0	0	0	0	1	0		0			1	2	2	1	500	1	232	1
TCGA-73-4662-01	1	0	0	1	0	0	0	0	0	0	1	0	0	2	0	0	1	1	0	2515	1	21	0
TCGA-78-7158-01	0	1	0	0	0	0	0	0	0	0	0	1	0	2	0	2	4	3	1	179	1	132	1
TCGA-05-4402-01	1	1	0	0	0	0	0	0	0	0	0		0		1		2	4	1	244	0	244	0
TCGA-55-8506-01											1		0	2		0	3	2	0	11	0	11	1
TCGA-91-A4BD-01											1	1	1			1	1	2	0	603	0	603	0
TCGA-55-6981-01	1	1	0	0	0	0	0	0	0	0	0		0		0	2	1	3	1	1379	0	1379	0
TCGA-95-7947-01	0	1	0	0	0	0	0	1	0	0	1		1		0	0	1	1	0	477	0	477	1
TCGA-49-AAR9-01											1	1	1			0	3	2	1	260	1	260	1
TCGA-55-7910-01											0	1	0	2	0	0	2	2	0	1040	1	1018	1
TCGA-69-7760-01	1	1	0	0	0	0	0	0	0	0	1		1	2	0	0	3	2	0	202	0	202	0
TCGA-44-2665-01	1	0	0	0	0	0	0	0	0	0	0	0	0		0	1	2	2	0	1301	0	1301	0
TCGA-44-6778-01											0		1			0	1	1	0	1864	0	1864	1
TCGA-78-7143-01	0	0	0	0	0	1	0	0	0	0	1	0	0	1	0	0	2	1	1	4961	1	1500	0
TCGA-05-4405-01	0	0	0	0	0	0	0	0	0	0	1		0		0	0	2	1	0	610	0	610	1
TCGA-50-5933-01	0	0	0	0	0	1	0	0	0	0	1		1	1	0	2	4	3	1	2393	0	2393	
TCGA-97-7546-01	0	0	0	0	0	0	0	0	0	0	1		0			0	1	1	0	1285	1	1255	0
TCGA-55-A491-01											1	2	0			0	1	1	0	626	0	626	0
TCGA-55-8512-01											0	1	1		1	1	1	4	1	607	1	607	1
TCGA-L4-A4E6-01											1		1	2	0	0	1	1	0	435	0	435	0
TCGA-49-4505-01	1	0	0	1	0	0	0	0	0	0	1	1	0		0	1	2	2	1	428	1	417	1
TCGA-91-6831-01											1		1			0	2	1	0	310	0	310	1
TCGA-93-A4JP-01											1	1	1		1			4	0	578	1	497	0
TCGA-75-5126-01	1	0	0	1	0	0	0	0	0	0		1	0	2	0	2	3	3					1
TCGA-44-7661-01											1	0	0	2	0	0	2	1	1	557	1	335	0
TCGA-55-8614-01											1		1			0	2	1	0	536	0	536	0
TCGA-73-4666-01											0	1	0	1	1	0	1	4	0	800	0	800	1
TCGA-75-6206-01													1	2	0	0	2	1	0	2590	0	2590	0
TCGA-55-7994-01											1		1			0	3	2	0	603	0	603	1
TCGA-38-4625-01											1		0	2	0	0	2	1	0	2973	0	2973	1
TCGA-44-2655-01	0	0	0	0	0	0	0	0	0	0	1	0	0		0	0	1	1	0	1324	1	1009	0
TCGA-93-A4JO-01											1	1	1			0	1	1	1	33	0	33	1
TCGA-55-7911-01	1	0	0	1	0	0	0	0	0	0	1		0			0	1	1	0	537	1	515	0
TCGA-NJ-A4YI-01											1		0		0	2	2	3	1	4	0	4	0
TCGA-86-8076-01											0	0	1	2	0	0	1	1	0	993	0	993	0
TCGA-55-6984-01											1		0		0	1	2	2	1	760	1	724	
TCGA-64-5775-01	1	0	0	1	0	0	0	0	0	0	1		1		0	0	4	3	1	62	1	62	1
TCGA-55-7281-01	1	0	0	1	0	0	0	0	0	0	1		0		0	0	1	1	0	872	1	339	1
TCGA-55-6986-01	1	0	0	0	0	0	0	0	0	0	1		0		0	0	2	1	0	3261	0	3261	0
TCGA-50-5045-01											0		0		0	1	2		1	2174	1	1433	
TCGA-44-3398-01											1		0		0	0	1	1	0	1163	0	1163	1
TCGA-97-A4M3-01											1	1	0		0	0	1	1	0	540	1	54	0
TCGA-78-8648-01											0	2	0	2	0	0	3	2	1	1209	1	720	1
TCGA-MP-A4TI-01											1		1		0	1	2	2	1	429	1	84	0
TCGA-95-7043-01	0	0	0	0	0	0	0	0	0	0	1		0			0	1	1	1	503	1	503	1
TCGA-69-8253-01											0	1	0			1	1	2	0	426	0	426	1
TCGA-97-7937-01	0	0	0	0	0	0	0	0	0	0	1	0	1			0	2	1	0	564	0	564	0
TCGA-55-6978-01	0	0	0	0	0	0	0	0	0	0	1		1			0	2	2	1	176	1	42	0
TCGA-35-5375-01											1	1	1	2	0	2	2	3	0	264	0	264	1
TCGA-55-7570-01											0		1			0	1	1	0	824	0	824	1
TCGA-05-5423-01	1	1	0	0	0	0	0	0	0	0	1		1		0	1	2	2	0	151	0	151	0
TCGA-78-7537-01	1	0	0	0	0	0	0	0	0	1	1	1	1		0	0	2	1	1	1622	0	1622	0
TCGA-MP-A4TK-01											0		0			1	2	2	1	582	1	397	1
TCGA-78-7146-01											1	1	0	2	0	2	2	3	1	173	0	173	1
TCGA-55-7573-01	1	1	0	0	0	0	0	0	0	0	1	1	0	1		0	1	1	0	487	0	487	0
TCGA-L4-A4E5-01											0	1	0	1	0	0	1	1	0	578	0	578	1
TCGA-44-8120-01											0	0	1		0	0	2	1	0	260	0	260	
TCGA-78-7540-01	1	0	0	1	0	0	0	0	0	0	1	0	0		0	0	2	1	1	1197	0	1197	0
TCGA-99-8025-01											1	1	0	1	0	2	3	3	0	1060	0	1060	1
TCGA-78-8655-01											1	0	0	2	0	0	1	1	0	2360	0	2360	1
TCGA-91-6849-01	1	0	0	1	0	0	0	0	0	1	1		0			2	2	3	0	35	0	35	0
TCGA-97-A4M7-01											1	0	1		0	0	1	1	0	629	0	629	0
TCGA-97-8171-01											1	1	1		1	2	2	4	0	568	1	441	1
TCGA-49-4488-01	0	0	0	0	0	0	0	0	0	0	1		0			0	1	1	1	869	1	634	0
TCGA-67-6215-01	1	0	0	0	0	0	0	0	0	0	0	2	0	1	0	0	2	1	0	174	0	174	0
TCGA-NJ-A55A-01											1		0		0	0	2	1	0	15	0	15	0
TCGA-55-6980-01	1	1	0	0	0	0	0	0	0	0	0		1		0	0	1	1	0	2109	0	2109	0
TCGA-49-4486-01	0	0	0	0	0	0	0	0	0	1	1	2	1		0	0	1	1	1	2318	1	2045	0
TCGA-05-4410-01	1	1	0	0	0	0	0	0	0	0	1		1		0	0	2	1					1
TCGA-64-1676-01	0	0	0	0	1	0	0	0	0	0	0		1	1	0	0	1	1	0	1728	0	1728	1
TCGA-71-8520-01											0		0		0	0	2	1	1	210	1	179	0
TCGA-05-4250-01											1		0		0	1	3	3	1	121	0	121	1
TCGA-55-8619-01											1		0			0	3	2	0	416	0	416	0
TCGA-55-A48X-01											1		0		0	1	1	2	0	689	1	615	1
TCGA-55-6982-01	0	0	0	0	0	1	0	0	0	0	1		0		0	1	2	2	1	995	1	183	0
TCGA-O1-A52J-01											1	1	0			0	1	1	1	1798	1	898	0
TCGA-MP-A4T9-01											0		0			2	2	3	1	1265	1	341	1
TCGA-55-8097-01											0		0			0	1	1	0	476	0	476	1
TCGA-86-7711-01											1	2	1	2	0	1	2	2	1	1046	1	1046	1
TCGA-62-8397-01											1	0	0	2	0	0	3	2	0	1289	0	1289	0
TCGA-50-6593-01	0	0	0	0	0	0	0	0	0	0	0		0		0	2	1	3	1	336	1	266	1
TCGA-38-6178-01	1	1	0	0	0	0	0	0	0	0	1		0	1		2	2	3	0	448	0	448	0
TCGA-50-5944-01	1	1	0	0	0	0	0	0	0	0	1		0		0	0	1	1	0	1750	0	1750	
TCGA-55-8092-01											1		1			0	3	2	1	154	1	127	1
TCGA-93-7347-01	1	0	0	1	0	0	0	0	0	0	1		0	1		0	1	1	0	683	0	683	0
TCGA-05-4430-01	0	0	0	0	0	0	0	0	0	0	0		0		0	0	2	1	0	761	0	761	1
TCGA-97-7547-01											1		0			0	2	1	0	1965	1	775	0
TCGA-55-A4DF-01											1		1			0	1	1	1	614	1	515	0
TCGA-35-4123-01											0	1	1	2	0	0	1	1	0	182	0	182	1
TCGA-49-AAR3-01											1	0	1			1	2	2	0	1893	1	1893	
TCGA-97-A4LX-01											1	0	1		0	0	2	1	0	614	0	614	0
TCGA-95-A4VN-01											1	1	0		0	1	2	2	0	553	0	553	1
TCGA-86-6851-01	0	0	0	0	0	0	0	0	0	0	1	0	0		0	1	1	2	0	179	0	179	1
TCGA-38-A44F-01											1		1	2	0	0	2	1	0	133	0	133	0
TCGA-69-7763-01	0	0	0	0	0	0	0	0	0	1	1	1	1	2	0	0	1	1	0	690	0	690	1
TCGA-05-4425-01	0	0	0	0	0	0	0	0	0	0	1		0		1	0	2	4	0	669	0	669	0
TCGA-50-6595-01	1	1	0	0	0	0	0	0	0	0	1		0		0	2	2	3	1	189	1	182	0
TCGA-62-A470-01											1	0	1	1	0	0	2	1	1	1194	1	539	0
TCGA-86-8056-01											1	0	0	2	0	0	4	3	0	139	0	139	0
TCGA-50-6597-01	0	0	0	0	0	1	0	0	0	0	1		0		0	0	2	1	1	1268	0	1268	0
TCGA-44-6147-01	1	1	0	0	0	0	0	0	0	0	1		0		0		1	1	0	845	0	845	0
TCGA-35-3615-01	1	0	0	1	0	0	0	0	0	1	0		1	2	0	0	2	1	0	14	0	14	0
TCGA-86-8074-01											1	2	0	2	0	1	1	2	0	24	0	24	1
TCGA-97-7554-01	1	0	0	1	0	0	0	0	0	0	1	1	0		0	2	2	3	0	775	0	775	0
TCGA-64-1679-01	0	0	0	0	0	0	0	0	0	0	0	0	0		0	2	1	3	0	2488	0	2488	1
TCGA-J2-8194-01											1		0			0	3	2	0	724	1	470	0
TCGA-MP-A4TF-01											0		0	2	0	0	2	2	1	336	1	195	1
TCGA-86-6562-01	1	0	0	0	0	0	0	0	0	0	0		1	1	0	1	2	2	1	376	1	274	0
TCGA-50-5066-02											1		1		0	0	2	1	0	1442	1	477	0
TCGA-75-5122-01	0	0	0	0	0	1	0	0	0	0			1	2	0	0	2	1					0
TCGA-05-4244-01											1		1	2	1	2	2	4					1
TCGA-50-5941-01	1	0	0	1	0	0	0	0	0	0	0		0		0	2	2	3	0	1474	0	1474	1
TCGA-97-7941-01	1	0	0	1	0	0	0	0	0	0	1	0	0			0	1	1	0	484	0	484	0
TCGA-64-5815-01											1	1	1	1	0	1	2	2	0	866	0	866	0
TCGA-55-8302-01											0		1			0	2	1	0	478	0	478	1
TCGA-55-8301-01											0		1			0	2	1	0	534	1	238	1
TCGA-38-4626-01	1	0	0	1	0	0	0	0	0	0	0		0	1	0	0	2		0	3674	1	2518	1
TCGA-44-6148-01											0	1	1		0	0	1	1	0	704	0	704	0
TCGA-44-4112-01	0	0	0	0	0	0	0	0	0	0	0		0		0	0	2	1	1	808	1	619	0
TCGA-50-5946-02											1		1			0	1	1	0	1617	1	221	1
TCGA-97-A4M2-01											1	1	1		0	0	1	1	0	624	0	624	1
TCGA-50-5946-01											1		1			0	1	1	0	1617	1	221	1
TCGA-44-7659-01	1	0	0	1	0	0	0	0	0	0	1		1			0	1	1	0	691	0	691	1
TCGA-49-AARQ-01											0	1	0			0	2	1	0	6732	0	6732	1
TCGA-J2-A4AG-01											1		0			0	1	1	0	988	0	988	0
TCGA-69-7765-01	1	1	0	0	0	0	0	0	0	0	0		1	2		0	4		0	165	0	165	1
TCGA-49-AARR-01											1	1	1			0	1	1	0	4992	1	1099	0
TCGA-86-A4JF-01											0	4	1	1	0	0	3	2	1	737	1	436	1
TCGA-93-7348-01	0	0	0	0	0	1	0	1	0	0	1	0	0	1		0	1	1	0	531	0	531	1
TCGA-MP-A4TH-01											1		0	2	0	0	1	1	0	741	0	741	0
TCGA-75-6207-01	1	1	0	0	0	0	0	0	0	0			1	2	0	2	2	3					0
TCGA-55-8207-01											1		1			0	2	1	0	977	0	977	0
TCGA-44-2656-01	1	0	0	0	0	0	0	0	0	0	0	0	1		0	0	2	1	0	1429	1	568	1
TCGA-86-A456-01											1		0	2	0	0	1	1	0	896	0	896	1
TCGA-67-3773-01	1	0	0	1	0	0	0	0	0	0	1		0	1	0	0	2	1	0	427	0	427	0
TCGA-55-6971-01	0	0	0	0	0	0	0	0	0	1	0		0			0	2	1	0	1400	0	1400	1
TCGA-55-8616-01											0	0	0		0	0	2	1	0	48	0	48	1
TCGA-MP-A5C7-01											1	1	0	1	0	0	2	1	0	2248	0	2248	0
TCGA-55-6969-01											0		1		0	0	2	1	0	1239	0	1239	1
TCGA-05-4424-01	0	0	0	0	0	0	0	0	0	0	1		1		0	0	3	2	0	913	1	153	1
TCGA-35-4122-01											1	1	1	2	0	0	1	1	0	225	0	225	1
TCGA-99-8028-01											0	0	0		0	0	1	1	0	1118	0	1118	1
TCGA-44-6777-01	1	0	0	1	0	0	0	0	0	0	1	3	0				2	1	1	987	0	987	1
TCGA-55-7283-01	1	0	0	1	0	0	0	0	0	0	1	0	0	1		2	3	3	0	609	0	609	0
TCGA-50-5932-01	1	0	0	1	0	0	0	0	0	1	1		1	1	0	1	2	2	1	1235	1	1090	
TCGA-50-5066-01											1		1		0	0	2	1	0	1442	1	477	0
TCGA-55-8621-01											1	1	0			0	1	1	0	515	0	515	1
TCGA-MP-A4SW-01											0		1		0	1	2	2	1	1778	0	1778	0
TCGA-55-1596-01	0	0	0	0	0	0	0	0	0	1	0		1		0	1	2	2	0	2065	0	2065	1
TCGA-L9-A50W-01											1	0	1			1	1	2	1	442	1	389	0
TCGA-44-2659-01	0	0	0	0	0	0	0	0	0	0	1	1	0		0	1	1	2	0	1367	1	1146	1
TCGA-05-4249-01	1	0	0	1	0	0	0	1	0	0	1		1	2	0	0	2	1	0	1523	0	1523	0
TCGA-55-8206-01											0		1		0	0	1	1	0	888	0	888	0
TCGA-55-A493-01											0		0		0	0	2	1	0	28	0	28	1
TCGA-86-8674-01											0		1	2	0	1	2	2	0	806	1	334	1
TCGA-53-7624-01											0	0	0	2	1	0	2	4	1	1043	1	400	1
TCGA-55-7903-01	1	0	0	0	0	0	0	0	0	0	1		1			0	1	1	0	567	0	567	1
TCGA-MP-A4T7-01											1		0		1	0	2	4	1	167	0	167	1
TCGA-49-4494-01	1	1	0	0	0	0	0	0	0	0	1	1	1		0	2	3	3	1	1081	1	1081	0
TCGA-69-7761-01	0	0	0	0	0	0	0	0	0	0	1	1	1	2		0	2	1	0	186	0	186	0
TCGA-91-6829-01	0	0	0	0	0	0	0	0	0	0	1	3	1			0	2	1	1	1258	0	1258	1
TCGA-91-6836-01											0		0			0	2	1	0	417	0	417	1
TCGA-86-8673-01											1		1		0	0	2	1	0	862	1	636	1
TCGA-L9-A444-01											0	0	0	1		0	1	1	0	307	0	307	1
TCGA-86-8585-01											0		1	2	0	0	2	1	0	353	0	353	0
TCGA-69-7978-01											0		1	2		1	2	2	0	134	0	134	1
TCGA-62-8395-01											1	0	0	1	0	0	3	2	0	1216	1	395	0
TCGA-05-5428-01	1	0	0	0	0	0	0	0	0	0	0		1		0	1	1	2	0	670	0	670	0
TCGA-49-4512-01	0	0	0	0	0	0	0	0	0	0	1		0			2	2	3	1	905	1	905	0
TCGA-NJ-A4YQ-01											1		0		0	0	1	1	0	1432	0	1432	1
TCGA-62-A472-01											1	1	1	1	0	0	3	2	0	910	1	290	1
TCGA-83-5908-01											0	1	0		0	0	1	1	0	824	0	824	1
TCGA-50-5939-01	0	0	0	0	0	0	0	0	0	0	1		1		0	0	2	1	1	460	0	460	0
TCGA-05-4432-01	0	0	0	0	0	0	0	0	0	1	1		1		0	1	2	2	0	761	0	761	1
TCGA-05-4434-01											1		0		1	1	4	4	1	457	0	457	1
TCGA-MP-A4T6-01											1		0	2		2	1	3	1	1790	0	1790	0
TCGA-38-4629-01											1		1	2	0	0	3	2	1	864	1	379	1
TCGA-38-4628-01	1	1	0	0	0	0	0	0	0	0	1		0	1	0	1	2	2	1	1492	1	1083	0
TCGA-73-4677-01											1	1	1	2	0	0	2		1	38	1	38	0
TCGA-J2-A4AD-01											1		0			0	1	1	1	550	1	524	1
TCGA-49-AARN-01											0	1	0			0	1	1	1	1135	0	1135	
TCGA-86-7714-01	1	0	0	0	0	0	0	1	0	0	1	0	0	2	0	2	1	3	1	625	1	625	1
TCGA-67-3774-01	1	0	0	1	0	0	0	0	0	0	1		0		0	0	2	1	0	385	0	385	0
TCGA-64-5778-01	1	0	0	1	0	0	0	0	0	0	0	1	1	1	0	0	2	1	0	1305	1	962	1
TCGA-MP-A4TC-01											1		1		0	2	1	3	1	74	0	74	0
TCGA-55-8620-01											0	2	1	1	1	1	1	4	1	375	1	375	1
TCGA-86-8669-01											1	0	1	2	0	0	1	1	0	938	1	849	1
TCGA-44-A47B-01											1	0	1		0	0	2	1	0	287	0	287	0
TCGA-95-A4VK-01											1	1	0		0	2	2	3	0	651	1	496	0
TCGA-55-8096-01											1	2	0	1		0	2	1	1	719	1	566	1
TCGA-78-8662-01											0	0	0	2	0	0	2	1	1	3361	1	3044	1
TCGA-73-7499-01	0	0	0	0	0	0	0	1	0	0	1	3	0	2	0	0	2	1	1	1531	1	1447	0
TCGA-95-7944-01											1		1		0	0	1	1	0	377	0	377	1
TCGA-67-4679-01											1		1	1	0	0	3		0	448	0	448	1
TCGA-86-8358-01											0	0	1	2	0	0	2	1	0	653	0	653	1
TCGA-NJ-A4YG-01											1		1		0	0	2	1	0	2261	0	2261	1
TCGA-55-A490-01											1	1	1	2		0	2	2	1	99	0	99	0
TCGA-86-A4P7-01											1	0	0	2	0	0	2	1	0	415	0	415	0
TCGA-75-6214-01	0	0	0	0	0	0	0	1	1	0		0	0	2	0	2	2	3	1	1115	1	419	1
TCGA-86-8054-01											1	2	1	1	0	1	2	2	0	1148	0	1148	1
TCGA-05-4384-01	0	0	0	0	0	0	0	0	0	0	1		1		0	2	2	3	0	426	1	183	0
TCGA-55-7816-01											0		0					4	1	468	1	468	0
TCGA-55-8508-01											0	2	0	1		1	2	2	0	617	0	617	1
TCGA-86-8281-01											1	0	1	2	0		1	1					0
TCGA-62-A46S-01											1	0	1	2	0	0	2	1	1	1653	1	527	1
TCGA-J2-8192-01											1		0			1	2	2	0	739	1	482	0
TCGA-95-7567-01	1	0	0	1	0	0	0	0	0	0	1	0	1		0	1	2	2	0	568	0	568	1
TCGA-67-3771-01	0	0	0	0	0	0	0	0	0	0	1		0	1	0	0	1	1	0	610	0	610	1
TCGA-44-7670-01	0	0	0	0	0	0	0	1	0	0	0		0		0	1	1	2	0	882	0	882	1
TCGA-97-8175-01											0		0	2	0	0	2	1	0	551	1	294	0
TCGA-53-A4EZ-01											1	1	1	2		1	2	2	0	1071	0	1071	0
TCGA-55-6968-01											1		1		1	0	1	4	1	1293	1	1293	1
TCGA-49-AAR4-01											0	1	1			2	2	3	1	879	1	879	1
TCGA-44-3918-01											0		0		0	0	1	1	0	1036	1	511	0
TCGA-78-7152-01	0	0	0	0	0	0	0	0	0	1	1	1	1	2	0	0	2	1	1	1215	1	1202	1
TCGA-55-1592-01	0	0	0	0	0	0	0	0	0	0	1		1		0	0	2	1	1	701	1	452	1
TCGA-50-5942-01	1	0	0	0	0	0	0	0	0	0	1		0		0	0	1	1	0	1847	1	1378	1
TCGA-44-3919-01	1	0	0	0	0	0	0	0	0	0	1	2	0		0	0	1	1	1	1026	1	921	0
TCGA-50-5931-01	0	0	0	0	0	0	0	0	0	0	1		0	1	0	0	2	1	1	434	1	425	1
TCGA-73-4676-01	0	0	0	0	0	0	0	0	0	0	0	1	1	2	0	1	2	2	1	281	1	281	1
TCGA-05-4395-01	1	0	0	1	0	0	0	0	0	1	1		1		0	2	4	3					0
TCGA-97-8172-01											1	1	0		0	0	2	1	0	545	0	545	0
TCGA-44-8117-01											0	1	0		0	0	2	1	0	385	0	385	1
TCGA-55-7724-01	1	0	0	0	0	0	0	1	0	0	1		0			0	2	1	0	705	0	705	1
TCGA-49-6744-01	0	0	0	0	0	0	0	0	0	0	1	1	0			1	2	2	0	1683	0	1683	1
TCGA-62-8394-01											1		0	1	0	2	4	3	1	139	0	139	0
TCGA-L9-A443-01											1	1	0	1		0	1	1	1	193	0	193	1
TCGA-78-7155-01	0	1	0	0	0	0	0	0	0	0	1	0	1	2	0	0	2	1	1	1171	1	209	1
TCGA-55-8208-01											1	0	0	2	0	0	1	1	0	674	1	511	1
TCGA-44-A4SU-01											1	3	0			0	1	1	1	409	1	260	1
TCGA-49-4490-01	1	1	0	0	0	0	0	0	0	0	0		0		0	2	3	3	1	385	1	385	0
TCGA-78-7536-01	0	0	0	0	0	0	0	0	1	1	1	0	1		0	2	2	3	1	244	1	231	1
TCGA-95-7562-01											1	1	1		0	1	2	2	1	87	0	87	0
TCGA-49-4510-01	1	0	0	1	0	0	0	0	0	0	0	1	0		0	1	2	2	1	896	1	502	1
TCGA-NJ-A4YP-01											0		1		0	0	2	1	0	50	0	50	
TCGA-44-A47A-01											1	1	0			0	2	1	0	466	1	397	1
TCGA-80-5611-01												0	1	2	0	0	2	1	0	2595	0	2595	1
TCGA-49-AAR2-01											1	1	1			0	2	1	0	2224	0	2224	1
TCGA-69-7974-01											0		0	2		2	2	3	0	184	0	184	1
TCGA-55-6975-01											1		1		0	1	2	2	1	118	1	118	1
TCGA-91-6830-01											1		0			1	1	2	0	60	1	18	1
TCGA-91-6835-01	1	1	0	0	0	0	0	0	0	0	1		0		0	0	1	1	0	79	0	79	0
TCGA-91-8497-01											1		0			0	1	1	1	434	0	434	0
TCGA-44-7669-01											0		1			1	1	2	1	574	1	390	1
TCGA-49-AAR0-01											0	1	1			0	1	1	0	4765	0	4765	1
TCGA-55-6983-01	1	0	0	1	0	0	0	0	0	1	1		1		0	1	2	2	0	2823	0	2823	1
TCGA-78-7161-01	1	0	0	1	0	0	0	0	0	1	1	1	0	2	0	0	3	2	1	291	1	162	1
TCGA-L9-A8F4-01											1	0	0			0	2	1	0	476	0	476	1
TCGA-62-A46P-01											1		1	1	0	0	2	1	1	594	1	267	1
TCGA-55-7913-01											1	1	0	1		0	1	1	1	561	1	480	1
TCGA-55-A492-01											1	2	0			0	1	1	0	596	0	596	0
TCGA-64-5779-01											1	0	1	1	0	2	2	3	0	864	1	795	1
TCGA-50-5051-01	1	0	0	1	0	0	0	0	0	0	0		0		0	2	2	3	1	478	1	184	1
TCGA-78-7149-01	0	0	0	0	0	1	0	0	0	0	1	1	1	1	0	0	4	3	0	3940	0	3940	1
TCGA-97-8177-01											0	0	0		0	0	2	1	0	499	0	499	0
TCGA-62-8398-01											0		1	1	0	2	2	3	1	444	0	444	1
TCGA-MN-A4N4-01											0	1	1		0	0	1	1	0	1175	0	1175	1
TCGA-55-6987-01											1		1		0	0	1	1	0	2137	0	2137	1
TCGA-69-7980-01	1	0	0	1	0	0	0	0	0	0	1		0		0	0	1	1	0	411	0	411	1
TCGA-53-7813-01	1	0	0	1	0	0	0	0	0	1	0	1	0		0	0	4	3	0	424	0	424	1
TCGA-55-1595-01											1		0		0	0	1	1	0	1479	0	1479	1
TCGA-86-8055-01											1	2	1	2	0	1	2	2	1	124	0	124	1
TCGA-55-A4DG-01											1		1			0	1	1	0	608	0	608	1
TCGA-05-4397-01											1		1		0	1	2	2	1	731	0	731	1
TCGA-44-A4SS-01											1	0	1		0	0	1	1	0	415	0	415	1
TCGA-L9-A743-01											0	0	1	1	0	1	2	2	0	664	0	664	1
TCGA-MP-A4SV-01											1		1		0	0	2	1	1	2620	0	2620	1
TCGA-05-4420-01	1	0	1	0	0	0	0	0	0	0	0		1		0	0	2	1	0	912	0	912	1
TCGA-44-6145-01	1	0	0	1	0	0	0	0	0	0	1	0	0		0	0	1	1	0	595	0	595	1
TCGA-91-6840-01	0	0	0	0	0	0	0	0	0	0	0		0		0	0	1	1	0	372	0	372	0
TCGA-MP-A4SY-01											1	0	1	1	0	1	2	2	1	1501	1	489	1
TCGA-78-7166-01	1	0	0	1	0	0	0	0	0	1	1	2	1	1	0	1	2	2	1	258	0	258	0
TCGA-78-8640-01											0	0	1	2	0	1	1	2	0	7062	0	7062	1
TCGA-49-6743-01											1		0			2	1	3	0	1621	0	1621	1
TCGA-55-7574-01	0	0	0	0	0	0	0	1	0	1	1	3	0		0	0	2	1	1	995	1	478	1
TCGA-55-8204-01											1		0			0	2	1	0	515	0	515	0
TCGA-55-7727-01	0	0	0	0	0	0	0	0	0	0	1		1			2	1	3	0	119	0	119	1
TCGA-55-8085-01											1	1	1		0	0	1	1	0	904	0	904	1
TCGA-55-6970-01	1	0	0	1	0	0	0	0	0	1	1		0			2	2	3	1	464	1	457	1
TCGA-NJ-A7XG-01											0		1		0	1	4	3	0	617	0	617	0
TCGA-80-5607-01	1	0	0	0	0	0	0	1	0	0		1	0	2	0	1	2	2					0
TCGA-MN-A4N1-01											0	0	1		0	1	2	2	0	827	0	827	1
TCGA-05-4382-01	0	1	0	0	0	0	0	0	0	0	1		1		0	0	2	1	0	607	1	334	1
TCGA-49-4487-01	0	0	0	0	0	0	0	0	0	1	1		0		0	0	1	1	1	855	1	697	1
TCGA-NJ-A55O-01											0		0		0	1	1	2	0	13	0	13	1
TCGA-NJ-A55R-01											1		1			0	1	1	0	603	0	603	0
TCGA-55-5899-01											0	0	1		0	1	1		0	930	0	930	1
TCGA-78-7154-01	0	0	0	0	0	0	0	0	0	0	1	1	1	2	0	2	3	3	1	593	0	593	1
TCGA-38-7271-01											1		0		0	0	1	1	1	800	1	304	1
TCGA-49-4507-01	0	0	0	0	0	0	0	0	0	1	1	1	0		0	1	3	3	1	268	1	158	1
TCGA-50-6673-01	1	1	0	0	0	0	0	0	0	0	1		0		0	0	1	1	1	22	0	22	0
TCGA-55-8507-01											0	3	1	2		0	1	1	0	418	0	418	1
TCGA-91-7771-01	0	0	0	0	0	0	0	0	0	0	1		1			0	3	2	0	492	0	492	1
TCGA-55-6642-01	1	0	0	1	0	0	0	0	0	0	1		1			0	2	1	0	2449	0	2449	1
TCGA-73-A9RS-01											0	1	1	2	0	0	3	2	1	340	1	107	1
TCGA-75-6211-01	0	0	0	0	1	0	0	0	0	0			0		0	0	2	1					1
TCGA-64-1677-01	0	0	0	0	0	0	0	1	0	0	1		0		0	2	2	3	1	628	1	360	1
TCGA-69-8254-01											1	0	1				2		0	409	0	409	0
TCGA-55-8511-01											1	2	0			0	2	1	0	552	1	460	1
TCGA-05-4389-01	1	0	0	0	0	0	0	0	0	0	1		1		0	0	1	1	0	1369	0	1369	0
TCGA-86-7713-01	1	0	0	1	0	0	0	0	0	1	1	0	1	2	0	0	2	2	0	1157	0	1157	0
TCGA-62-8399-01											1		1	2	0	2	2	3	0	2696	0	2696	1
TCGA-49-6742-01	0	0	0	0	0	0	0	0	0	0	1	3	1		0	1	2	2	1	488	1	214	0
TCGA-93-A4JQ-01											0	0	1			0	1	1	0	526	0	526	0
TCGA-64-1678-01	1	0	0	0	1	0	0	0	0	0	1		0		0	0	2		0	1189	0	1189	0
TCGA-L9-A5IP-01											0		0		1	2	3	4	1	58	1	49	1
TCGA-MP-A4TD-01											1	0	1	2	0	2	2	3	1	307	1	226	0
TCGA-44-2666-01	1	0	0	0	0	0	0	0	0	0	0		1		0	0	2	1	1	97	1	97	1
TCGA-73-4659-01	1	0	0	1	0	0	0	0	0	0	1	0	1	1	0	2	2	3	1	711	1	35	0
TCGA-75-7027-01	1	0	0	1	0	0	0	0	0	0		0	1	2	0	0	2	1	0	3059	1	2949	1
TCGA-44-7671-01	1	0	0	1	0	1	0	0	0	1	1		1		0	0	2	1	0	889	1	883	0
TCGA-78-7150-01	0	0	0	0	0	0	0	0	0	0	0	0	1	1	0	1	2	2	1	666	1	139	1
TCGA-78-7160-01	1	0	0	1	0	0	0	0	0	1	1	1	1	1	1	2	4	4	1	697	0	697	1
TCGA-55-8299-01											1		0			0	1	1	1	469	1	274	1
TCGA-97-7938-01	1	0	0	1	0	0	0	0	0	0	1		0			0	1	1	1	18	0	18	0
TCGA-62-8402-01											1	0	0	2	0	2	2	3	1	1498	1	772	0
TCGA-97-A4M5-01											1		1		0	0	1	1	0	634	0	634	0
TCGA-05-4417-01	1	0	0	1	0	0	0	0	0	1	0		0		0	0	2	1	0	455	0	455	1
TCGA-97-8176-01											1	0	1		0	1	3	3	1	468	1	39	1
TCGA-55-8203-01											1		0		0	0	1	1	0	547	0	547	1
TCGA-44-6774-01	0	0	0	0	0	0	0	0	0	0	0	1	0		0	2	1	3	0	658	0	658	1
TCGA-86-8359-01											0	4	1	2	0	2	3	3	1	444	0	444	1
TCGA-44-7672-01	1	0	0	1	0	0	0	0	0	0	0		0		0	0	1	1	0	719	0	719	1
TCGA-49-4506-01	0	0	0	0	0	0	0	0	0	0	1	2	0	2	0	1	2	2	1	999	1	692	1
TCGA-MP-A4TJ-01											1		0	1	0	0	1	1	1	339	0	339	1
TCGA-50-5936-01	0	0	0	0	0	0	0	0	0	0	0		1		0	2	2	3	1	257	1	150	
TCGA-44-8119-01											1	0	1		0	0	3	2	0	285	0	285	1
TCGA-78-8660-01											1	1	1	2	0	1	2	2	1	321	1	242	1
TCGA-73-4670-01											1	2	0	2	1	0	2	4	0	131	0	131	1
TCGA-05-4418-01	1	0	0	1	0	0	0	0	0	0	1		1		0	2	3	3	1	274	0	274	1
TCGA-86-8073-01											0	0	1	2	0	0	2	1	0	740	0	740	1
TCGA-78-7159-01	0	0	0	0	0	0	0	0	0	1	0	1	0	2	0		1	1	0	1974	0	1974	1
TCGA-75-7031-01	0	0	0	0	0	0	0	0	0	1		0	0	2	0	0	2	1					0
TCGA-50-5072-01	0	0	0	0	0	0	0	0	0	1	1		1		0	2	2	3	1	250	1	213	0
TCGA-55-8505-01											1		1			2	1	3	0	440	0	440	0
TCGA-55-A48Z-01											0	2	0	1		3	1	3	0	651	1	536	1
TCGA-91-A4BC-01											0		1			0	2	2	0	44	0	44	1
TCGA-MP-A4T8-01											1	1	1		0	2	2	3	1	161	0	161	0
TCGA-50-5935-01	0	0	0	0	0	0	0	0	0	0	1		0		0	0	1	1	1	653	0	653	
TCGA-49-4514-01	0	0	0	0	0	0	0	0	0	0	1		0		0	0	1	1	0	1700	0	1700	0
TCGA-64-5781-01	0	0	0	0	0	1	0	0	0	0	0	0	0	1	0	0	2	1	0	1559	1	96	1
TCGA-75-5147-01	0	0	0	0	0	0	0	0	0	0			0	2	0	0	2	1	0	1333	0	1333	0
TCGA-97-8179-01											1	0	1		0	0	1	1	0	435	0	435	0
TCGA-MP-A4TA-01											1	1	0	2	0	0	1	1	1	950	1	725	1
TCGA-55-1594-01	0	0	0	0	0	0	0	0	0	0	1		1		0	2	2	3	0	1178	0	1178	1
TCGA-93-8067-01											1	2	1	2		0	2	1	0	186	0	186	1
TCGA-99-8032-01											1	0	1		0	0	1	1	0	44	0	44	1
TCGA-69-7764-01	0	0	0	0	0	0	0	0	0	0	1	0	1	2	0	0	1	1	0	414	0	414	0
TCGA-05-5425-01											1		1		0	1	2	2	0	882	1	486	0
TCGA-91-6828-01	1	0	0	1	0	0	0	0	0	0	1	2	1		0	0	1	1	0	323	0	323	0
TCGA-05-4415-01	1	0	0	1	0	0	0	0	0	1	0		1		0	2	4	3	1	91	1	60	1
TCGA-44-5644-01											0		0			0	2	1	0	863	0	863	1
TCGA-05-5420-01	0	0	0	0	0	0	0	0	0	0	1		1		0	2	2	3	0	457	1	245	1
TCGA-38-4632-01	1	0	0	0	0	0	1	0	0	0	0		1	2	1	1	2	4	1	1357	1	680	1
TCGA-69-7973-01											0	1	0	1	0	0	2	1	0	230	0	230	1
TCGA-49-AAQV-01											1	1	0			1	1	2	1	677	1	509	0
TCGA-62-A471-01											1	0	1	2	0	1	2	2	0	1246	0	1246	1
TCGA-78-7220-01											0	0	0	2	0	2	2	3	1	807	1	531	1
TCGA-86-A4D0-01											0	1	1		0	0	2	2	1	116	0	116	1
TCGA-38-4631-01	0	0	0	0	0	0	0	0	0	0	1		0	2	0	0	2	1	1	354	1	354	1
TCGA-55-8615-01											1		1			2	3	3	0	446	1	224	1
TCGA-86-7954-01											1	0	0	2	0	0	2	1	0	605	0	605	0
TCGA-50-6592-01											1		0		0	0	2	1	1	777	1	777	1
TCGA-95-A4VP-01											1	1	0		0	2	2	3	0	605	1	216	1
TCGA-86-7955-01											1	0	1	2	0	0	2	1	0	1072	1	820	0
TCGA-44-A479-01											1	0	0			0	2	1	0	486	1	437	1
TCGA-05-4422-01	0	0	0	0	0	0	0	0	0	1	1		1		0	0	2	1	0	365	0	365	1
TCGA-86-7701-01											1	2	1	2	1	0	2	4	0	947	1	424	0
TCGA-05-5715-01	1	0	0	0	0	0	0	0	0	0	1		0		0	0	2	1	0	62	0	62	0
TCGA-55-8094-01											0		1	2	1	0	2	4	0	541	0	541	1
TCGA-80-5608-01	1	0	0	1	0	0	0	0	0	1		1	0	2	0	0	1	1	0	2832	0	2832	1
TCGA-NJ-A4YF-01											0		0		0	0	1	1	0	2161	0	2161	0
TCGA-55-A494-01											1	1	0	2		0	2	1	0	481	0	481	0
TCGA-69-8255-01											1		1		0	0	1	1	0	129	0	129	1
TCGA-62-A46O-01											1		0	1	0	0	2	1	1	1454	1	943	1
TCGA-78-7148-01	1	0	0	1	0	0	0	0	0	1	1	0	1	2	0	1	2	2	1	626	1	182	1
TCGA-05-4396-01	0	0	0	0	0	0	0	0	0	0	1		1		0	1	4	3	1	303	0	303	0
TCGA-78-7153-01	1	0	0	0	0	0	0	1	0	0	1	0	0	2	0	0	2	1	0	3635	0	3635	1
TCGA-64-5774-01	1	0	0	1	1	0	0	0	0	0	0		1	1	0	0	2	1	0	2676	1	246	1
TCGA-MP-A4TE-01											0		1	2		0	2	2	1	896	1	226	1
TCGA-05-4390-01	1	0	0	1	0	0	0	0	0	0	0		0		0	0	2	1	0	1126	1	395	1
TCGA-55-7815-01	1	0	0	1	0	0	0	0	0	0	1		1			0	2	1	0	773	1	466	0
TCGA-50-5930-01											0		1		0	2	2	3	1	282	1	177	
TCGA-17-Z000-01																							
TCGA-17-Z001-01																							
TCGA-17-Z002-01																							
TCGA-17-Z003-01																							
TCGA-17-Z004-01																							
TCGA-17-Z005-01																							
TCGA-17-Z006-01																							
TCGA-17-Z007-01																							
TCGA-17-Z008-01																							
TCGA-17-Z009-01																							
TCGA-17-Z010-01																							
TCGA-17-Z011-01																							
TCGA-17-Z012-01																							
TCGA-17-Z013-01																							
TCGA-17-Z014-01																							
TCGA-17-Z015-01																							
TCGA-17-Z016-01																							
TCGA-17-Z017-01																							
TCGA-17-Z018-01																							
TCGA-17-Z019-01																							
TCGA-17-Z020-01																							
TCGA-17-Z021-01																							
TCGA-17-Z022-01																							
TCGA-17-Z023-01																							
TCGA-17-Z024-01																							
TCGA-17-Z025-01																							
TCGA-17-Z026-01																							
TCGA-17-Z027-01																							
TCGA-17-Z028-01																							
TCGA-17-Z029-01																							
TCGA-17-Z030-01																							
TCGA-17-Z031-01																							
TCGA-17-Z032-01																							
TCGA-17-Z033-01																							
TCGA-17-Z034-01																							
TCGA-17-Z035-01																							
TCGA-17-Z036-01																							
TCGA-17-Z037-01																							
TCGA-17-Z038-01																							
TCGA-17-Z039-01																							
TCGA-17-Z040-01																							
TCGA-17-Z041-01																							
TCGA-17-Z042-01																							
TCGA-17-Z043-01																							
TCGA-17-Z044-01																							
TCGA-17-Z045-01																							
TCGA-17-Z046-01																							
TCGA-17-Z047-01																							
TCGA-17-Z048-01																							
TCGA-17-Z049-01																							
TCGA-17-Z050-01																							
TCGA-17-Z051-01																							
TCGA-17-Z052-01																							
TCGA-17-Z053-01																							
TCGA-17-Z054-01																							
TCGA-17-Z055-01																							
TCGA-17-Z056-01																							
TCGA-17-Z057-01																							
TCGA-17-Z058-01																							
TCGA-17-Z059-01																							
TCGA-17-Z060-01																							
TCGA-17-Z061-01																							
TCGA-17-Z062-01																							
