Tumor_Sample_Barcode	total	total_perMB	total_perMB_log
TCGA-49-AARR-01A-11D-A410-08	1	0.026315789	-1.579783597
TCGA-55-8513-01A-11D-2393-08	1	0.026315789	-1.579783597
TCGA-17-Z019-01A-01W-0746-08	2	0.052631579	-1.278753601
TCGA-17-Z054-01A-01W-0747-08	4	0.105263158	-0.977723605
TCGA-L4-A4E6-01A-11D-A24D-08	4	0.105263158	-0.977723605
TCGA-44-6148-01A-11D-1753-08	5	0.131578947	-0.880813592
TCGA-75-7030-01A-11D-1945-08	7	0.184210526	-0.734685557
TCGA-78-8648-01A-11D-2393-08	7	0.184210526	-0.734685557
TCGA-17-Z002-01A-01W-0746-08	8	0.210526316	-0.67669361
TCGA-38-A44F-01A-11D-A24D-08	8	0.210526316	-0.67669361
TCGA-55-6980-01A-11D-1945-08	9	0.236842105	-0.625541087
TCGA-50-5055-01A-01D-1625-08	10	0.263157895	-0.579783597
TCGA-75-6203-01A-11D-1753-08	10	0.263157895	-0.579783597
TCGA-17-Z004-01A-01W-0746-08	14	0.368421053	-0.433655561
TCGA-78-7163-01A-12D-2063-08	14	0.368421053	-0.433655561
TCGA-17-Z047-01A-01W-0747-08	15	0.394736842	-0.403692338
TCGA-55-6986-01A-11D-1945-08	15	0.394736842	-0.403692338
TCGA-55-8619-01A-11D-2393-08	15	0.394736842	-0.403692338
TCGA-75-6212-01A-11D-1753-08	16	0.421052632	-0.375663614
TCGA-91-A4BD-01A-11D-A24D-08	16	0.421052632	-0.375663614
TCGA-55-6984-01A-11D-1945-08	17	0.447368421	-0.349334675
TCGA-55-6543-01A-11D-1753-08	19	0.5	-0.301029996
TCGA-55-8091-01A-11D-2238-08	20	0.526315789	-0.278753601
TCGA-97-7552-01A-11D-2036-08	20	0.526315789	-0.278753601
TCGA-55-8206-01A-11D-2238-08	21	0.552631579	-0.257564302
TCGA-97-8552-01A-11D-2393-08	21	0.552631579	-0.257564302
TCGA-75-7025-01A-12D-1945-08	22	0.578947368	-0.237360916
TCGA-78-7540-01A-11D-2063-08	22	0.578947368	-0.237360916
TCGA-91-8496-01A-11D-2393-08	22	0.578947368	-0.237360916
TCGA-44-2666-01B-02D-A271-08	23	0.605263158	-0.218055761
TCGA-55-8087-01A-11D-2238-08	23	0.605263158	-0.218055761
TCGA-62-8397-01A-11D-2323-08	23	0.605263158	-0.218055761
TCGA-97-A4M6-01A-11D-A24P-08	23	0.605263158	-0.218055761
TCGA-NJ-A7XG-01A-12D-A397-08	23	0.605263158	-0.218055761
TCGA-17-Z048-01A-01W-0746-08	24	0.631578947	-0.199572355
TCGA-55-6978-01A-11D-1945-08	24	0.631578947	-0.199572355
TCGA-86-8671-01A-11D-2393-08	24	0.631578947	-0.199572355
TCGA-97-8177-01A-11D-2284-08	24	0.631578947	-0.199572355
TCGA-MP-A4T9-01A-11D-A24P-08	24	0.631578947	-0.199572355
TCGA-38-4627-01A-01D-1553-08	25	0.657894737	-0.181843588
TCGA-67-6216-01A-11D-1753-08	25	0.657894737	-0.181843588
TCGA-44-2666-01A-01D-A271-08	26	0.684210526	-0.164810249
TCGA-50-8460-01A-11D-2323-08	26	0.684210526	-0.164810249
TCGA-86-8668-01A-11D-2393-08	26	0.684210526	-0.164810249
TCGA-97-8175-01A-11D-2284-08	26	0.684210526	-0.164810249
TCGA-05-5429-01A-01D-1625-08	27	0.710526316	-0.148419832
TCGA-69-7761-01A-11D-2167-08	27	0.710526316	-0.148419832
TCGA-44-2661-01A-01D-1105-08	28	0.736842105	-0.132625565
TCGA-44-2666-01A-01W-0928-08	28	0.736842105	-0.132625565
TCGA-44-3919-01A-02D-1105-08	28	0.736842105	-0.132625565
TCGA-L9-A50W-01A-12D-A397-08	28	0.736842105	-0.132625565
TCGA-44-2666-01A-01D-1489-08	29	0.763157895	-0.117385599
TCGA-78-7160-01A-11D-2036-08	29	0.763157895	-0.117385599
TCGA-91-8497-01A-11D-2393-08	29	0.763157895	-0.117385599
TCGA-05-4433-01A-22D-1855-08	30	0.789473684	-0.102662342
TCGA-44-5645-01A-01D-A271-08	30	0.789473684	-0.102662342
TCGA-44-5645-01B-04D-A271-08	30	0.789473684	-0.102662342
TCGA-55-7284-01B-11D-2238-08	30	0.789473684	-0.102662342
TCGA-44-2665-01A-01D-1040-01	31	0.815789474	-0.088421903
TCGA-44-2665-01A-01D-A271-08	31	0.815789474	-0.088421903
TCGA-44-2666-01A-41D-A27T-08	31	0.815789474	-0.088421903
TCGA-44-5645-01A-01D-1625-08	31	0.815789474	-0.088421903
TCGA-49-4490-01A-21D-1855-08	31	0.815789474	-0.088421903
TCGA-55-8512-01A-11D-2393-08	31	0.815789474	-0.088421903
TCGA-44-2666-01A-21D-A27T-08	32	0.842105263	-0.074633618
TCGA-44-5645-01A-51D-A27T-08	32	0.842105263	-0.074633618
TCGA-44-6146-01A-11D-1753-08	32	0.842105263	-0.074633618
TCGA-49-4512-01A-21D-1855-08	32	0.842105263	-0.074633618
TCGA-62-A46Y-01A-11D-A24D-08	32	0.842105263	-0.074633618
TCGA-05-4425-01A-01D-1753-08	33	0.868421053	-0.061269657
TCGA-17-Z009-01A-01W-0746-08	33	0.868421053	-0.061269657
TCGA-44-3919-01A-02D-1458-08	33	0.868421053	-0.061269657
TCGA-44-6146-01A-11D-A271-08	33	0.868421053	-0.061269657
TCGA-44-6146-01B-04D-A271-08	33	0.868421053	-0.061269657
TCGA-49-4501-01A-01D-1265-08	33	0.868421053	-0.061269657
TCGA-62-A46U-01A-11D-A24D-08	33	0.868421053	-0.061269657
TCGA-86-8055-01A-11D-2238-08	33	0.868421053	-0.061269657
TCGA-99-AA5R-01A-11D-A397-08	33	0.868421053	-0.061269657
TCGA-05-4422-01A-01D-1265-08	34	0.894736842	-0.04830468
TCGA-44-2665-01B-06D-A271-08	34	0.894736842	-0.04830468
TCGA-44-5645-01A-21D-A27T-08	34	0.894736842	-0.04830468
TCGA-44-6146-01A-31D-A27T-08	34	0.894736842	-0.04830468
TCGA-75-5147-01A-01D-1625-08	34	0.894736842	-0.04830468
TCGA-62-8402-01A-11D-2323-08	35	0.921052632	-0.035715552
TCGA-97-A4M1-01A-11D-A24P-08	35	0.921052632	-0.035715552
TCGA-05-4434-01A-01D-1265-08	36	0.947368421	-0.023481096
TCGA-44-6146-01A-21D-A27T-08	36	0.947368421	-0.023481096
TCGA-55-A57B-01A-12D-A397-08	36	0.947368421	-0.023481096
TCGA-86-8075-01A-11D-2238-08	37	0.973684211	-0.011581873
TCGA-17-Z041-01A-01W-0746-08	38	1	0
TCGA-44-2665-01A-01W-0928-08	38	1	0
TCGA-50-6597-01A-11D-1855-08	38	1	0
TCGA-64-1680-01A-02W-0928-08	38	1	0
TCGA-75-6205-01A-11D-1753-08	38	1	0
TCGA-J2-A4AE-01A-21D-A24D-08	38	1	0
TCGA-44-A47B-01A-11D-A24D-08	39	1.026315789	0.01128101
TCGA-55-8621-01A-11D-2393-08	39	1.026315789	0.01128101
TCGA-86-8280-01A-11D-2284-08	39	1.026315789	0.01128101
TCGA-05-4426-01A-01D-1265-08	40	1.052631579	0.022276395
TCGA-49-4510-01A-01D-1265-08	40	1.052631579	0.022276395
TCGA-71-6725-01A-11D-1855-08	40	1.052631579	0.022276395
TCGA-86-6562-01A-11D-1753-08	40	1.052631579	0.022276395
TCGA-97-7553-01A-21D-2036-08	40	1.052631579	0.022276395
TCGA-50-6591-01A-11D-1753-08	42	1.105263158	0.043465694
TCGA-55-7573-01A-11D-2036-08	42	1.105263158	0.043465694
TCGA-55-A48Z-01A-12D-A24P-08	42	1.105263158	0.043465694
TCGA-64-1680-01A-02D-0969-08	42	1.105263158	0.043465694
TCGA-86-7953-01A-11D-2184-08	42	1.105263158	0.043465694
TCGA-93-A4JO-01A-21D-A24P-08	42	1.105263158	0.043465694
TCGA-38-6178-01A-11D-1753-08	43	1.131578947	0.053684859
TCGA-97-8171-01A-11D-2284-08	43	1.131578947	0.053684859
TCGA-38-7271-01A-11D-2036-08	44	1.157894737	0.06366908
TCGA-44-6775-01A-11D-A271-08	45	1.184210526	0.073428917
TCGA-44-6775-01C-02D-A271-08	45	1.184210526	0.073428917
TCGA-50-5942-01A-21D-1753-08	45	1.184210526	0.073428917
TCGA-55-6981-01A-11D-1945-08	45	1.184210526	0.073428917
TCGA-93-A4JP-01A-11D-A24P-08	45	1.184210526	0.073428917
TCGA-97-8547-01A-11D-2393-08	45	1.184210526	0.073428917
TCGA-MP-A4SW-01A-21D-A24P-08	45	1.184210526	0.073428917
TCGA-50-5944-01A-11D-1753-08	46	1.210526316	0.082974235
TCGA-50-6673-01A-11D-1945-08	46	1.210526316	0.082974235
TCGA-50-8457-01A-11D-2323-08	47	1.236842105	0.092314261
TCGA-62-A46V-01A-11D-A24D-08	47	1.236842105	0.092314261
TCGA-62-A472-01A-11D-A24D-08	47	1.236842105	0.092314261
TCGA-44-6775-01A-21D-A27T-08	48	1.263157895	0.101457641
TCGA-75-6207-01A-11D-1753-08	48	1.263157895	0.101457641
TCGA-MP-A5C7-01A-11D-A25L-08	49	1.289473684	0.110412483
TCGA-17-Z007-01A-01W-0746-08	50	1.315789474	0.119186408
TCGA-17-Z013-01A-01W-0746-08	50	1.315789474	0.119186408
TCGA-44-6775-01A-11D-1855-08	50	1.315789474	0.119186408
TCGA-44-6775-01A-31D-A27T-08	50	1.315789474	0.119186408
TCGA-86-8076-01A-31D-2238-08	50	1.315789474	0.119186408
TCGA-69-7763-01A-11D-2167-08	51	1.342105263	0.127786579
TCGA-91-6847-01A-11D-1945-08	51	1.342105263	0.127786579
TCGA-86-A4P7-01A-11D-A24P-08	52	1.368421053	0.136219747
TCGA-49-AAQV-01A-11D-A397-08	54	1.421052632	0.152610163
TCGA-69-7760-01A-11D-2167-08	54	1.421052632	0.152610163
TCGA-73-7499-01A-11D-2184-08	54	1.421052632	0.152610163
TCGA-91-6835-01A-11D-1855-08	55	1.447368421	0.160579093
TCGA-64-1681-01A-11D-2063-08	56	1.473684211	0.16840443
TCGA-44-A47G-01A-21D-A24D-08	57	1.5	0.176091259
TCGA-73-4675-01A-01D-1265-08	57	1.5	0.176091259
TCGA-J2-8192-01A-11D-2238-08	57	1.5	0.176091259
TCGA-MP-A4T6-01A-32D-A25L-08	57	1.5	0.176091259
TCGA-93-A4JN-01A-11D-A24P-08	58	1.526315789	0.183644397
TCGA-MP-A4TD-01A-32D-A25L-08	58	1.526315789	0.183644397
TCGA-50-5939-01A-11D-1625-08	59	1.552631579	0.191068415
TCGA-55-6975-01A-11D-1945-08	60	1.578947368	0.198367654
TCGA-86-8074-01A-11D-2238-08	60	1.578947368	0.198367654
TCGA-17-Z058-01A-01W-0747-08	61	1.605263158	0.205546238
TCGA-62-8395-01A-11D-2323-08	61	1.605263158	0.205546238
TCGA-J2-A4AG-01A-11D-A24D-08	61	1.605263158	0.205546238
TCGA-05-5420-01A-01D-1625-08	62	1.631578947	0.212608093
TCGA-17-Z036-01A-01W-0746-08	62	1.631578947	0.212608093
TCGA-50-8459-01A-11D-2323-08	62	1.631578947	0.212608093
TCGA-50-6595-01A-12D-1855-08	64	1.684210526	0.226396377
TCGA-17-Z005-01A-01W-0746-08	65	1.710526316	0.23312976
TCGA-69-7764-01A-11D-2167-08	65	1.710526316	0.23312976
TCGA-86-7714-01A-12D-2167-08	65	1.710526316	0.23312976
TCGA-MP-A4T2-01A-11D-A24P-08	65	1.710526316	0.23312976
TCGA-69-8254-01A-11D-2284-08	66	1.736842105	0.239760339
TCGA-62-8398-01A-11D-2323-08	67	1.763157895	0.246291206
TCGA-78-7162-01A-21D-2063-08	67	1.763157895	0.246291206
TCGA-50-5932-01A-11D-1753-08	68	1.789473684	0.252725316
TCGA-55-6971-01A-11D-1945-08	70	1.842105263	0.265314443
TCGA-50-5935-01A-11D-1753-08	71	1.868421053	0.271474752
TCGA-97-7941-01A-11D-2184-08	71	1.868421053	0.271474752
TCGA-71-8520-01A-11D-2393-08	72	1.894736842	0.2775489
TCGA-78-7167-01A-11D-2063-08	72	1.894736842	0.2775489
TCGA-50-5068-01A-01D-1625-08	73	1.921052632	0.283539264
TCGA-55-7728-01A-11D-2184-08	73	1.921052632	0.283539264
TCGA-55-8090-01A-11D-2238-08	74	1.947368421	0.289448123
TCGA-17-Z027-01A-01W-0746-08	75	1.973684211	0.295277667
TCGA-75-6206-01A-11D-1753-08	75	1.973684211	0.295277667
TCGA-95-8039-01A-11D-2238-08	75	1.973684211	0.295277667
TCGA-73-4676-01A-01D-1753-08	76	2	0.301029996
TCGA-95-8494-01A-11D-2323-08	76	2	0.301029996
TCGA-MP-A4TJ-01A-51D-A25L-08	76	2	0.301029996
TCGA-44-6779-01A-11D-1855-08	78	2.052631579	0.312311006
TCGA-67-3774-01A-01W-0928-08	78	2.052631579	0.312311006
TCGA-86-8278-01A-11D-2284-08	78	2.052631579	0.312311006
TCGA-NJ-A55A-01A-11D-A25L-08	78	2.052631579	0.312311006
TCGA-62-A471-01A-12D-A24D-08	82	2.157894737	0.334030256
TCGA-17-Z011-01A-01W-0746-08	83	2.184210526	0.339294496
TCGA-67-3774-01A-01D-1040-01	83	2.184210526	0.339294496
TCGA-78-7633-01A-11D-2063-08	84	2.210526316	0.344495689
TCGA-93-A4JP-01E-01D-A38P-08	84	2.210526316	0.344495689
TCGA-17-Z032-01A-01W-0746-08	85	2.236842105	0.349635329
TCGA-44-6147-01A-31D-A27T-08	85	2.236842105	0.349635329
TCGA-17-Z044-01A-01W-0746-08	86	2.263157895	0.354714855
TCGA-55-8615-01A-11D-2393-08	86	2.263157895	0.354714855
TCGA-67-3773-01A-01D-1040-01	86	2.263157895	0.354714855
TCGA-55-8097-01A-11D-2238-08	87	2.289473684	0.359735656
TCGA-67-6215-01A-11D-1753-08	87	2.289473684	0.359735656
TCGA-50-5044-01A-21D-1855-08	88	2.315789474	0.364699076
TCGA-50-5051-01A-21D-1855-08	88	2.315789474	0.364699076
TCGA-73-7498-01A-12D-2184-08	88	2.315789474	0.364699076
TCGA-78-7153-01A-11D-2036-08	88	2.315789474	0.364699076
TCGA-93-7348-01A-21D-2036-08	89	2.342105263	0.36960641
TCGA-17-Z020-01A-01W-0746-08	90	2.368421053	0.374458913
TCGA-55-7726-01A-11D-2167-08	90	2.368421053	0.374458913
TCGA-78-8655-01A-11D-2393-08	90	2.368421053	0.374458913
TCGA-L9-A743-01A-43D-A397-08	90	2.368421053	0.374458913
TCGA-49-4506-01A-01D-1265-08	91	2.394736842	0.379257796
TCGA-05-5715-01A-01D-1625-08	92	2.421052632	0.384004231
TCGA-55-6983-01A-11D-1945-08	92	2.421052632	0.384004231
TCGA-93-A4JP-01D-01D-A38P-08	92	2.421052632	0.384004231
TCGA-91-6849-01A-11D-1945-08	93	2.447368421	0.388699352
TCGA-38-4630-01A-01D-1265-08	94	2.473684211	0.393344257
TCGA-55-6979-01A-11D-1945-08	94	2.473684211	0.393344257
TCGA-93-7347-01A-11D-2184-08	94	2.473684211	0.393344257
TCGA-95-A4VP-01A-21D-A25L-08	94	2.473684211	0.393344257
TCGA-17-Z021-01A-01W-0746-08	95	2.5	0.397940009
TCGA-17-Z052-01A-01W-0747-08	96	2.526315789	0.402487636
TCGA-49-AAR3-01A-11D-A410-08	96	2.526315789	0.402487636
TCGA-50-5936-01A-11D-1625-08	96	2.526315789	0.402487636
TCGA-MP-A4TH-01A-31D-A25L-08	96	2.526315789	0.402487636
TCGA-62-A46S-01A-11D-A24D-08	97	2.552631579	0.406988138
TCGA-75-5122-01A-01D-1753-08	97	2.552631579	0.406988138
TCGA-MP-A4T8-01A-11D-A24P-08	97	2.552631579	0.406988138
TCGA-62-8394-01A-11D-2323-08	98	2.578947368	0.411442479
TCGA-S2-AA1A-01A-12D-A397-08	98	2.578947368	0.411442479
TCGA-05-4402-01A-01D-1265-08	99	2.605263158	0.415851598
TCGA-49-6745-01A-11D-1855-08	99	2.605263158	0.415851598
TCGA-55-6642-01A-11D-1855-08	99	2.605263158	0.415851598
TCGA-62-A470-01A-11D-A24D-08	99	2.605263158	0.415851598
TCGA-91-6840-01A-11D-1945-08	99	2.605263158	0.415851598
TCGA-55-6712-01A-11D-1855-08	100	2.631578947	0.420216403
TCGA-93-A4JQ-01A-11D-A24P-08	100	2.631578947	0.420216403
TCGA-17-Z000-01A-01W-0746-08	102	2.684210526	0.428816575
TCGA-49-AAR0-01A-21D-A397-08	102	2.684210526	0.428816575
TCGA-80-5607-01A-31D-1945-08	102	2.684210526	0.428816575
TCGA-05-4384-01A-01D-1753-08	103	2.710526316	0.433053628
TCGA-38-4628-01A-01D-1265-08	103	2.710526316	0.433053628
TCGA-44-5643-01A-01D-1625-08	105	2.763157895	0.441405702
TCGA-49-4486-01A-01D-1265-08	105	2.763157895	0.441405702
TCGA-44-6147-01B-06D-A271-08	106	2.789473684	0.445522269
TCGA-17-Z037-01A-01W-0746-08	108	2.842105263	0.453640159
TCGA-17-Z051-01A-01W-0747-08	110	2.894736842	0.461609089
TCGA-05-4403-01A-01D-1265-08	111	2.921052632	0.465539382
TCGA-86-8669-01A-11D-2393-08	111	2.921052632	0.465539382
TCGA-MP-A4TE-01A-22D-A25L-08	111	2.921052632	0.465539382
TCGA-55-7725-01A-11D-2167-08	112	2.947368421	0.469434426
TCGA-44-A4SU-01A-11D-A24P-08	113	2.973684211	0.473294847
TCGA-64-5774-01A-01D-1625-08	113	2.973684211	0.473294847
TCGA-78-7149-01A-11D-2036-08	113	2.973684211	0.473294847
TCGA-55-7815-01A-11D-2167-08	116	3.052631579	0.484674393
TCGA-MP-A4T7-01A-11D-A24P-08	116	3.052631579	0.484674393
TCGA-4B-A93V-01A-11D-A397-08	117	3.078947368	0.488402265
TCGA-NJ-A55O-01A-11D-A25L-08	117	3.078947368	0.488402265
TCGA-55-8096-01A-11D-2238-08	118	3.105263158	0.492098411
TCGA-95-7948-01A-11D-2184-08	118	3.105263158	0.492098411
TCGA-55-1594-01A-01D-1040-01	119	3.131578947	0.495763365
TCGA-69-8253-01A-11D-2284-08	120	3.157894737	0.499397649
TCGA-78-7537-01A-11D-2063-08	120	3.157894737	0.499397649
TCGA-44-7659-01A-11D-2063-08	121	3.184210526	0.503001774
TCGA-44-7672-01A-11D-2063-08	121	3.184210526	0.503001774
TCGA-97-8176-01A-11D-2393-08	122	3.210526316	0.506576234
TCGA-J2-8194-01A-11D-2238-08	123	3.236842105	0.510121515
TCGA-17-Z033-01A-01W-0746-08	124	3.263157895	0.513638089
TCGA-55-1594-01A-01W-0928-08	124	3.263157895	0.513638089
TCGA-97-A4M5-01A-11D-A24P-08	124	3.263157895	0.513638089
TCGA-05-5423-01A-01D-1625-08	125	3.289473684	0.517126416
TCGA-MP-A4SY-01A-21D-A24P-08	126	3.315789474	0.520586949
TCGA-NJ-A4YG-01A-22D-A25L-08	127	3.342105263	0.524020124
TCGA-17-Z059-01A-01W-0747-08	128	3.368421053	0.527426373
TCGA-97-7547-01A-11D-2036-08	128	3.368421053	0.527426373
TCGA-55-7903-01A-11D-2167-08	129	3.394736842	0.530806114
TCGA-78-7535-01A-11D-2063-08	129	3.394736842	0.530806114
TCGA-17-Z050-01A-01W-0747-08	131	3.447368421	0.537487699
TCGA-44-6147-01A-11D-1753-08	131	3.447368421	0.537487699
TCGA-55-7227-01A-11D-2036-08	131	3.447368421	0.537487699
TCGA-75-5125-01A-01D-1753-08	131	3.447368421	0.537487699
TCGA-86-7713-01A-11D-2063-08	131	3.447368421	0.537487699
TCGA-53-7813-01A-11D-2167-08	132	3.473684211	0.540790335
TCGA-86-8359-01A-11D-2323-08	133	3.5	0.544068044
TCGA-50-5072-01A-21D-1855-08	135	3.552631579	0.550550172
TCGA-97-8174-01A-11D-2284-08	137	3.605263158	0.556936971
TCGA-17-Z061-01A-01W-0747-08	138	3.631578947	0.56009549
TCGA-44-2662-01B-02D-A271-08	139	3.657894737	0.563231204
TCGA-80-5608-01A-31D-1945-08	139	3.657894737	0.563231204
TCGA-97-A4LX-01A-11D-A24P-08	139	3.657894737	0.563231204
TCGA-64-5815-01A-01D-1625-08	140	3.684210526	0.566344439
TCGA-97-8179-01A-11D-2284-08	140	3.684210526	0.566344439
TCGA-44-2655-01A-01D-1553-08	142	3.736842105	0.572504748
TCGA-44-3398-01A-01D-1105-08	142	3.736842105	0.572504748
TCGA-49-6761-01A-31D-1945-08	142	3.736842105	0.572504748
TCGA-93-8067-01D-01D-A38P-08	142	3.736842105	0.572504748
TCGA-99-8033-01A-11D-2238-08	142	3.736842105	0.572504748
TCGA-55-6987-01A-11D-1945-08	143	3.763157895	0.575552441
TCGA-44-2655-01A-01W-0928-08	145	3.815789474	0.581584406
TCGA-44-6147-01A-11D-A271-08	145	3.815789474	0.581584406
TCGA-75-5146-01A-01D-1625-08	145	3.815789474	0.581584406
TCGA-78-7161-01A-11D-2036-08	145	3.815789474	0.581584406
TCGA-O1-A52J-01A-11D-A25L-08	145	3.815789474	0.581584406
TCGA-55-7914-01A-11D-2167-08	146	3.842105263	0.584569259
TCGA-55-6970-01A-11D-1945-08	147	3.868421053	0.587533738
TCGA-55-8299-01A-11D-2284-08	147	3.868421053	0.587533738
TCGA-49-4494-01A-01D-1265-08	149	3.921052632	0.593402672
TCGA-62-A46R-01A-11D-A24D-08	149	3.921052632	0.593402672
TCGA-78-7145-01A-11D-2036-08	150	3.947368421	0.596307662
TCGA-55-8508-01A-11D-2393-08	151	3.973684211	0.599193351
TCGA-91-7771-01A-11D-2167-08	151	3.973684211	0.599193351
TCGA-44-3396-01A-01D-1553-08	153	4.026315789	0.604907834
TCGA-67-6217-01A-11D-1753-08	154	4.052631579	0.607737124
TCGA-86-7954-01A-11D-2184-08	154	4.052631579	0.607737124
TCGA-17-Z043-01A-01W-0746-08	156	4.105263158	0.613341002
TCGA-44-6147-01A-21D-A27T-08	157	4.131578947	0.616116056
TCGA-44-2662-01A-01W-0928-08	160	4.210526316	0.624336386
TCGA-55-1596-01A-01W-0928-08	160	4.210526316	0.624336386
TCGA-78-7152-01A-11D-2036-08	160	4.210526316	0.624336386
TCGA-44-2662-01A-01D-A271-08	161	4.236842105	0.627042279
TCGA-44-6776-01A-11D-1855-08	161	4.236842105	0.627042279
TCGA-49-4507-01A-01D-1265-08	161	4.236842105	0.627042279
TCGA-55-1596-01A-01D-1040-01	161	4.236842105	0.627042279
TCGA-05-4415-01A-22D-1855-08	162	4.263157895	0.629731418
TCGA-64-1677-01A-01W-0928-08	162	4.263157895	0.629731418
TCGA-75-7031-01A-11D-1945-08	162	4.263157895	0.629731418
TCGA-80-5611-01A-01D-1625-08	162	4.263157895	0.629731418
TCGA-17-Z001-01A-01W-0746-08	163	4.289473684	0.632404008
TCGA-86-7701-01A-11D-2167-08	163	4.289473684	0.632404008
TCGA-44-2662-01A-01D-0969-08	166	4.368421053	0.640324491
TCGA-49-6744-01A-11D-1855-08	166	4.368421053	0.640324491
TCGA-55-6982-01A-11D-1945-08	168	4.421052632	0.645525685
TCGA-55-7724-01A-11D-2167-08	168	4.421052632	0.645525685
TCGA-91-6830-01A-11D-1945-08	168	4.421052632	0.645525685
TCGA-49-4505-01A-01D-1931-08	169	4.447368421	0.648103108
TCGA-38-4626-01A-01D-1553-08	170	4.473684211	0.650665325
TCGA-73-4662-01A-01D-1265-08	171	4.5	0.653212514
TCGA-67-3770-01A-01W-0928-08	172	4.526315789	0.65574485
TCGA-78-7154-01A-11D-2036-08	172	4.526315789	0.65574485
TCGA-55-8204-01A-11D-2238-08	174	4.578947368	0.660765652
TCGA-67-3770-01A-01D-0969-08	174	4.578947368	0.660765652
TCGA-73-4659-01A-01D-1265-08	175	4.605263158	0.663254452
TCGA-05-4389-01A-01D-1265-08	177	4.657894737	0.66818967
TCGA-44-2668-01B-02D-A271-08	177	4.657894737	0.66818967
TCGA-44-3917-01A-01D-A271-08	177	4.657894737	0.66818967
TCGA-44-6144-01A-11D-1753-08	177	4.657894737	0.66818967
TCGA-55-7283-01A-11D-2036-08	178	4.684210526	0.670636406
TCGA-78-7166-01A-12D-2063-08	178	4.684210526	0.670636406
TCGA-86-7711-01A-11D-2063-08	178	4.684210526	0.670636406
TCGA-97-A4M3-01A-11D-A24P-08	178	4.684210526	0.670636406
TCGA-86-8054-01A-11D-2238-08	179	4.710526316	0.673069434
TCGA-05-4244-01A-01D-1105-08	180	4.736842105	0.675488908
TCGA-78-7148-01A-11D-2036-08	180	4.736842105	0.675488908
TCGA-44-3917-01B-02D-A271-08	181	4.763157895	0.677894978
TCGA-44-A47A-01A-21D-A24D-08	182	4.789473684	0.680287791
TCGA-17-Z017-01A-01W-0746-08	183	4.815789474	0.682667493
TCGA-55-8614-01A-11D-2393-08	183	4.815789474	0.682667493
TCGA-75-7027-01A-11D-1945-08	184	4.842105263	0.685034226
TCGA-95-7944-01A-11D-2184-08	185	4.868421053	0.687388132
TCGA-55-7574-01A-11D-2036-08	186	4.894736842	0.689729348
TCGA-55-7911-01A-11D-2167-08	187	4.921052632	0.69205801
TCGA-44-7671-01A-11D-2063-08	189	4.973684211	0.696678208
TCGA-83-5908-01A-21D-2284-08	190	5	0.698970004
TCGA-17-Z003-01A-01W-0746-08	191	5.026315789	0.701249771
TCGA-55-A494-01A-11D-A24P-08	193	5.078947368	0.705773712
TCGA-55-A493-01A-11D-A24D-08	195	5.131578947	0.710251015
TCGA-17-Z025-01A-01W-0746-08	197	5.184210526	0.71468263
TCGA-17-Z053-01A-01W-0747-08	197	5.184210526	0.71468263
TCGA-50-7109-01A-11D-2036-08	198	5.210526316	0.716881594
TCGA-55-7727-01A-11D-2167-08	198	5.210526316	0.716881594
TCGA-78-7158-01A-11D-2036-08	198	5.210526316	0.716881594
TCGA-78-8660-01A-11D-2393-08	198	5.210526316	0.716881594
TCGA-05-4395-01A-01D-1265-08	203	5.342105263	0.727712441
TCGA-05-4396-01A-21D-1855-08	205	5.394736842	0.731970264
TCGA-17-Z018-01A-01W-0746-08	205	5.394736842	0.731970264
TCGA-86-8281-01A-11D-2284-08	205	5.394736842	0.731970264
TCGA-44-7661-01A-11D-2063-08	207	5.447368421	0.736186749
TCGA-93-8067-01C-01D-A38P-08	207	5.447368421	0.736186749
TCGA-MP-A4TC-01A-11D-A24P-08	208	5.473684211	0.738279738
TCGA-49-6742-01A-11D-1855-08	210	5.526315789	0.742435698
TCGA-55-8085-01A-11D-2238-08	211	5.552631579	0.744498859
TCGA-69-7973-01A-11D-2184-08	211	5.552631579	0.744498859
TCGA-73-4677-01A-01D-1265-08	212	5.578947368	0.746552264
TCGA-95-A4VK-01A-11D-A25L-08	212	5.578947368	0.746552264
TCGA-55-6972-01A-11D-1945-08	215	5.657894737	0.752654863
TCGA-L9-A443-01A-12D-A24D-08	215	5.657894737	0.752654863
TCGA-05-4430-01A-02D-1265-08	216	5.684210526	0.754670155
TCGA-86-A4D0-01A-11D-A24D-08	216	5.684210526	0.754670155
TCGA-50-5066-01A-01D-1625-08	217	5.710526316	0.756676137
TCGA-55-A492-01A-11D-A24D-08	217	5.710526316	0.756676137
TCGA-NJ-A55R-01A-11D-A25L-08	218	5.736842105	0.758672897
TCGA-97-8172-01A-11D-2284-08	220	5.789473684	0.762639084
TCGA-17-Z010-01A-01W-0746-08	222	5.842105263	0.766569378
TCGA-35-4123-01A-01D-1105-08	222	5.842105263	0.766569378
TCGA-55-8301-01A-11D-2284-08	224	5.894736842	0.770464422
TCGA-05-4418-01A-01D-1265-08	225	5.921052632	0.772398921
TCGA-05-4420-01A-01D-1265-08	225	5.921052632	0.772398921
TCGA-38-4629-01A-02D-1265-08	225	5.921052632	0.772398921
TCGA-62-A46P-01A-11D-A24D-08	226	5.947368421	0.774324843
TCGA-97-7546-01A-11D-2036-08	227	5.973684211	0.776242261
TCGA-91-6831-01A-11D-1855-08	228	6	0.77815125
TCGA-67-4679-01B-01D-1753-08	232	6.105263158	0.785704388
TCGA-86-8056-01A-11D-2238-08	232	6.105263158	0.785704388
TCGA-L9-A5IP-01A-21D-A397-08	232	6.105263158	0.785704388
TCGA-44-6774-01A-21D-1855-08	233	6.131578947	0.787572324
TCGA-91-6828-01A-11D-1855-08	233	6.131578947	0.787572324
TCGA-50-5045-01A-01D-1625-08	236	6.210526316	0.793128406
TCGA-86-8674-01A-21D-2393-08	236	6.210526316	0.793128406
TCGA-49-4488-01A-01D-1753-08	237	6.236842105	0.794964749
TCGA-55-8514-01A-11D-2393-08	237	6.236842105	0.794964749
TCGA-86-8672-01A-21D-2393-08	239	6.289473684	0.798614304
TCGA-69-8255-01A-11D-2284-08	240	6.315789474	0.800427645
TCGA-50-6592-01A-11D-1753-08	241	6.342105263	0.802233446
TCGA-78-7159-01A-11D-2036-08	241	6.342105263	0.802233446
TCGA-44-A479-01A-31D-A24D-08	242	6.368421053	0.804031769
TCGA-50-6593-01A-11D-1753-08	245	6.447368421	0.809382488
TCGA-97-A4M7-01A-11D-A24P-08	246	6.473684211	0.81115151
TCGA-17-Z016-01A-01W-0746-08	248	6.526315789	0.814668084
TCGA-55-8510-01A-11D-2393-08	249	6.552631579	0.81641575
TCGA-05-4417-01A-22D-1855-08	251	6.605263158	0.819890125
TCGA-49-4514-01A-21D-1855-08	251	6.605263158	0.819890125
TCGA-55-1595-01A-01D-0969-08	252	6.631578947	0.821616944
TCGA-50-5931-01A-11D-1753-08	253	6.657894737	0.823336925
TCGA-35-4122-01A-01D-1105-08	254	6.684210526	0.82505012
TCGA-55-8208-01A-11D-2238-08	254	6.684210526	0.82505012
TCGA-44-6145-01A-11D-1753-08	255	6.710526316	0.826756584
TCGA-J2-A4AD-01A-11D-A24D-08	255	6.710526316	0.826756584
TCGA-86-7955-01A-11D-2184-08	256	6.736842105	0.828456369
TCGA-55-8207-01A-11D-2238-08	257	6.763157895	0.830149527
TCGA-55-7910-01A-11D-2167-08	259	6.815789474	0.833516167
TCGA-73-4658-01A-01D-1753-08	260	6.842105263	0.835189751
TCGA-78-7156-01A-11D-2036-08	262	6.894736842	0.838517695
TCGA-MP-A4SV-01A-11D-A24P-08	263	6.921052632	0.840172152
TCGA-91-8499-01A-11D-2393-08	268	7.052631579	0.848351197
TCGA-55-7913-01B-11D-2238-08	270	7.105263158	0.851580168
TCGA-78-7147-01A-11D-2036-08	272	7.157894737	0.854785307
TCGA-05-4249-01A-01D-1105-08	273	7.184210526	0.85637905
TCGA-44-7660-01A-11D-2063-08	274	7.210526316	0.857966966
TCGA-L4-A4E5-01A-11D-A24P-08	275	7.236842105	0.859549097
TCGA-49-4487-01A-21D-1855-08	276	7.263157895	0.861125485
TCGA-44-4112-01B-06D-A271-08	280	7.368421053	0.867374435
TCGA-MP-A4TA-01A-21D-A24P-08	280	7.368421053	0.867374435
TCGA-44-2668-01A-01D-A271-08	282	7.421052632	0.870465512
TCGA-86-A456-01A-11D-A24D-08	282	7.421052632	0.870465512
TCGA-MP-A4TK-01A-11D-A24P-08	286	7.526315789	0.876582437
TCGA-53-7626-01A-12D-2063-08	290	7.631578947	0.882614401
TCGA-55-A48Y-01A-11D-A24D-08	290	7.631578947	0.882614401
TCGA-78-7146-01A-11D-2036-08	291	7.657894737	0.884109392
TCGA-78-7542-01A-21D-2063-08	293	7.710526316	0.887084024
TCGA-44-6777-01A-11D-1855-08	294	7.736842105	0.888563734
TCGA-05-4250-01A-01D-1105-08	296	7.789473684	0.891508114
TCGA-05-4405-01A-21D-1855-08	297	7.815789474	0.892972853
TCGA-73-4670-01A-01D-1265-08	297	7.815789474	0.892972853
TCGA-55-7576-01A-11D-2063-08	301	7.921052632	0.898782899
TCGA-73-4666-01A-01D-1265-08	301	7.921052632	0.898782899
TCGA-05-5428-01A-01D-1625-08	303	7.973684211	0.901659032
TCGA-55-A48X-01A-11D-A24D-08	303	7.973684211	0.901659032
TCGA-64-5779-01A-01D-1625-08	303	7.973684211	0.901659032
TCGA-50-5066-02A-11D-2107-08	304	8	0.903089987
TCGA-50-5941-01A-11D-1753-08	304	8	0.903089987
TCGA-55-A491-01A-11D-A24D-08	305	8.026315789	0.904516243
TCGA-44-2668-01A-01W-0928-08	307	8.078947368	0.907354779
TCGA-99-8028-01A-11D-2238-08	308	8.105263158	0.90876712
TCGA-44-6778-01A-11D-1855-08	309	8.131578947	0.910174883
TCGA-75-6211-01A-11D-1753-08	309	8.131578947	0.910174883
TCGA-97-A4M0-01A-11D-A24P-08	311	8.184210526	0.912976792
TCGA-44-2668-01A-01D-0969-08	312	8.210526316	0.914370997
TCGA-55-7570-01A-11D-2036-08	316	8.315789474	0.919903486
TCGA-MP-A4T4-01A-11D-A25L-08	317	8.342105263	0.921275666
TCGA-97-7938-01A-11D-2167-08	318	8.368421053	0.922643523
TCGA-99-8032-01A-11D-2238-08	321	8.447368421	0.926721436
TCGA-17-Z057-01A-01W-0747-08	324	8.526315789	0.930761414
TCGA-55-6969-01A-11D-1945-08	326	8.578947368	0.933434003
TCGA-44-2657-01A-01D-1105-08	328	8.631578947	0.936090247
TCGA-49-AAR2-01A-11D-A397-08	329	8.657894737	0.937412301
TCGA-78-7150-01A-21D-2036-08	330	8.684210526	0.938730343
TCGA-17-Z023-01A-01W-0746-08	335	8.815789474	0.94526121
TCGA-MP-A4TF-01A-11D-A25L-08	338	8.894736842	0.949133104
TCGA-44-4112-01A-01D-1105-08	343	9.026315789	0.955510523
TCGA-17-Z062-01A-01W-0747-08	344	9.052631579	0.956774846
TCGA-91-A4BC-01A-11D-A24D-08	346	9.105263158	0.959292502
TCGA-35-5375-01A-01D-1625-08	350	9.210526316	0.964284448
TCGA-44-4112-01A-01D-A271-08	350	9.210526316	0.964284448
TCGA-97-7554-01A-11D-2036-08	350	9.210526316	0.964284448
TCGA-64-1678-01A-01W-0928-08	352	9.263157895	0.966759067
TCGA-55-8203-01A-11D-2238-08	353	9.289473684	0.967991109
TCGA-55-6985-01A-11D-1945-08	357	9.394736842	0.972884619
TCGA-55-5899-01A-11D-1625-08	359	9.447368421	0.975310852
TCGA-95-7562-01A-11D-2238-08	359	9.447368421	0.975310852
TCGA-44-4112-01A-01D-1458-08	360	9.473684211	0.976518904
TCGA-55-8094-01A-11D-2238-08	367	9.657894737	0.984882468
TCGA-95-A4VN-01A-11D-A25L-08	367	9.657894737	0.984882468
TCGA-91-6836-01A-21D-1855-08	368	9.684210526	0.986064222
TCGA-MN-A4N1-01A-11D-A24P-08	368	9.684210526	0.986064222
TCGA-49-6767-01A-11D-1855-08	371	9.763157895	0.989590313
TCGA-44-4112-01A-22D-A27T-08	372	9.789473684	0.990759343
TCGA-55-7281-01A-11D-2036-08	373	9.815789474	0.991925235
TCGA-44-7667-01A-31D-2063-08	374	9.842105263	0.993088006
TCGA-73-4668-01A-01D-1265-08	374	9.842105263	0.993088006
TCGA-NJ-A4YI-01A-11D-A25L-08	375	9.868421053	0.994247671
TCGA-17-Z056-01A-01W-0747-08	378	9.947368421	0.997708203
TCGA-69-A59K-01A-11D-A25L-08	380	10	1
TCGA-MN-A4N5-01A-11D-A24P-08	380	10	1
TCGA-17-Z028-01A-01W-0746-08	385	10.13157895	1.005677133
TCGA-17-Z042-01A-01W-0746-08	386	10.15789474	1.006803708
TCGA-44-7669-01A-21D-2063-08	386	10.15789474	1.006803708
TCGA-86-8673-01A-11D-2393-08	386	10.15789474	1.006803708
TCGA-97-7937-01A-11D-2167-08	386	10.15789474	1.006803708
TCGA-44-A4SS-01A-11D-A24P-08	387	10.18421053	1.007927368
TCGA-44-4112-01A-31D-A27T-08	388	10.21052632	1.009048129
TCGA-78-7539-01A-11D-2063-08	392	10.31578947	1.01350247
TCGA-64-5778-01A-01D-1625-08	393	10.34210526	1.014608954
TCGA-55-6968-01A-11D-1945-08	394	10.36842105	1.015712625
TCGA-99-8025-01A-11D-2238-08	395	10.39473684	1.016813499
TCGA-50-5933-01A-11D-1753-08	399	10.5	1.021189299
TCGA-99-7458-01A-11D-2036-08	400	10.52631579	1.022276395
TCGA-17-Z049-01A-01W-0746-08	401	10.55263158	1.023360776
TCGA-55-8616-01A-11D-2393-08	402	10.57894737	1.024442456
TCGA-64-5775-01A-01D-1625-08	403	10.60526316	1.02552145
TCGA-93-8067-01A-11D-2284-08	405	10.65789474	1.027671427
TCGA-53-A4EZ-01A-12D-A24P-08	409	10.76315789	1.031939711
TCGA-55-1592-01A-01W-0928-08	411	10.81578947	1.034058225
TCGA-55-8620-01A-11D-2393-08	411	10.81578947	1.034058225
TCGA-64-1679-01A-21D-2063-08	421	11.07894737	1.044498499
TCGA-69-7974-01A-11D-2184-08	421	11.07894737	1.044498499
TCGA-86-8279-01A-11D-2284-08	423	11.13157895	1.046556771
TCGA-17-Z015-01A-01W-0746-08	426	11.21052632	1.049626002
TCGA-55-1592-01A-01D-0969-08	426	11.21052632	1.049626002
TCGA-38-4632-01A-01D-1753-08	428	11.26315789	1.051660172
TCGA-62-8399-01A-21D-2323-08	429	11.28947368	1.052673696
TCGA-NJ-A4YP-01A-11D-A25L-08	434	11.42105263	1.057706133
TCGA-55-8205-01A-11D-2238-08	436	11.47368421	1.059702893
TCGA-95-7947-01A-11D-2184-08	442	11.63157895	1.065638673
TCGA-55-8092-01A-11D-2238-08	446	11.73684211	1.069551262
TCGA-55-8511-01A-11D-2393-08	446	11.73684211	1.069551262
TCGA-17-Z030-01A-01W-0746-08	448	11.78947368	1.071494417
TCGA-L9-A444-01A-21D-A24D-08	449	11.81578947	1.072462744
TCGA-05-4390-01A-02D-1753-08	450	11.84210526	1.073428917
TCGA-05-5425-01A-02D-1625-08	451	11.86842105	1.074392945
TCGA-50-6594-01A-11D-1753-08	451	11.86842105	1.074392945
TCGA-69-7978-01A-11D-2184-08	452	11.89473684	1.075354838
TCGA-49-AAR4-01A-12D-A410-08	453	11.92105263	1.076314605
TCGA-05-4432-01A-01D-1265-08	459	12.07894737	1.082029089
TCGA-91-6848-01A-11D-1945-08	461	12.13157895	1.083917329
TCGA-44-7662-01A-11D-2063-08	469	12.34210526	1.091389246
TCGA-75-5126-01A-01D-1753-08	472	12.42105263	1.094158402
TCGA-38-4625-01A-01D-1553-08	473	12.44736842	1.095077544
TCGA-64-1676-01A-01W-0928-08	473	12.44736842	1.095077544
TCGA-69-7765-01A-11D-2167-08	481	12.65789474	1.10236148
TCGA-49-AARO-01A-12D-A410-08	482	12.68421053	1.103263442
TCGA-86-8585-01A-11D-2393-08	484	12.73684211	1.105061765
TCGA-64-1676-01A-01D-0969-08	486	12.78947368	1.106852673
TCGA-44-8120-01A-11D-2238-08	494	13	1.113943352
TCGA-17-Z055-01A-01W-0747-08	497	13.07894737	1.116572792
TCGA-NJ-A4YF-01A-12D-A25L-08	504	13.26315789	1.12264694
TCGA-78-7536-01A-11D-2063-08	508	13.36842105	1.126080116
TCGA-91-6829-01A-21D-1855-08	523	13.76315789	1.138718092
TCGA-44-8119-01A-11D-2238-08	524	13.78947368	1.13954769
TCGA-49-AAR9-01A-21D-A410-08	529	13.92105263	1.143672075
TCGA-50-5946-01A-11D-1753-08	532	14	1.146128036
TCGA-55-7995-01A-11D-2184-08	547	14.39473684	1.15820373
TCGA-05-4424-01A-22D-1855-08	552	14.52631579	1.162155481
TCGA-17-Z045-01A-01W-0746-08	552	14.52631579	1.162155481
TCGA-50-5946-02A-11D-2107-08	553	14.55263158	1.162941535
TCGA-55-8302-01A-11D-2323-08	555	14.60526316	1.164509387
TCGA-05-4398-01A-01D-1265-08	563	14.81578947	1.170724798
TCGA-55-A4DG-01A-11D-A24D-08	575	15.13157895	1.179884248
TCGA-75-6214-01A-41D-1945-08	575	15.13157895	1.179884248
TCGA-49-6743-01A-11D-1855-08	590	15.52631579	1.191068415
TCGA-49-AARQ-01A-11D-A410-08	590	15.52631579	1.191068415
TCGA-44-2656-01B-06D-A271-08	592	15.57894737	1.19253811
TCGA-78-8640-01A-11D-2393-08	596	15.68421053	1.195462663
TCGA-38-4631-01A-01D-1753-08	597	15.71052632	1.196190735
TCGA-55-A4DF-01A-11D-A24D-08	624	16.42105263	1.215400993
TCGA-50-5049-01A-01D-1625-08	625	16.44736842	1.216096421
TCGA-49-AARN-01A-21D-A410-08	632	16.63157895	1.220933482
TCGA-44-8117-01A-11D-2238-08	634	16.68421053	1.222305661
TCGA-L9-A8F4-01A-11D-A397-08	634	16.68421053	1.222305661
TCGA-44-2656-01A-02W-0928-08	637	16.76315789	1.224355836
TCGA-44-2656-01A-02D-A271-08	652	17.15789474	1.234463999
TCGA-53-7624-01A-11D-2063-08	658	17.31578947	1.238442297
TCGA-69-7980-01A-11D-2184-08	671	17.65789474	1.246938924
TCGA-44-2656-01A-12D-A27T-08	673	17.71052632	1.248231468
TCGA-78-7220-01A-11D-2036-08	682	17.94736842	1.254000778
TCGA-44-2656-01A-41D-A27T-08	691	18.18421053	1.259694451
TCGA-05-4397-01A-01D-1265-08	703	18.5	1.267171728
TCGA-50-6590-01A-12D-1855-08	703	18.5	1.267171728
TCGA-44-2656-01A-02D-0969-08	715	18.81578947	1.274522445
TCGA-86-6851-01A-11D-1945-08	736	19.36842105	1.287094218
TCGA-62-A46O-01A-11D-A24D-08	738	19.42105263	1.288272765
TCGA-44-3918-01A-01D-1105-08	743	19.55263158	1.291205217
TCGA-95-7567-01A-11D-2063-08	744	19.57894737	1.291789339
TCGA-44-3918-01B-02D-A271-08	757	19.92105263	1.299312283
TCGA-17-Z026-01A-01W-0746-08	761	20.02631579	1.30160106
TCGA-44-3918-01A-01D-A271-08	770	20.26315789	1.306707129
TCGA-73-A9RS-01A-11D-A410-08	790	20.78947368	1.317843495
TCGA-44-5644-01A-21D-2036-08	798	21	1.322219295
TCGA-55-8507-01A-11D-2393-08	810	21.31578947	1.328701422
TCGA-05-4427-01A-21D-1855-08	844	22.21052632	1.34655885
TCGA-05-4410-01A-21D-1855-08	869	22.86842105	1.35923618
TCGA-67-3771-01A-01D-1040-01	878	23.10526316	1.363710919
TCGA-NJ-A4YQ-01A-11D-A25L-08	890	23.42105263	1.36960641
TCGA-50-5930-01A-11D-1753-08	898	23.63157895	1.37349274
TCGA-44-7670-01A-11D-2063-08	904	23.78947368	1.376384834
TCGA-64-5781-01A-01D-1625-08	904	23.78947368	1.376384834
TCGA-95-7043-01A-11D-1945-08	916	24.10526316	1.382111877
TCGA-67-3771-01A-01W-0928-08	917	24.13157895	1.382585739
TCGA-78-8662-01A-11D-2393-08	927	24.39473684	1.387296138
TCGA-55-7907-01A-11D-2167-08	967	25.44736842	1.405642877
TCGA-55-8089-01A-11D-2238-08	985	25.92105263	1.413652634
TCGA-17-Z022-01A-01W-0746-08	994	26.15789474	1.417602788
TCGA-49-AARE-01A-11D-A410-08	1006	26.47368421	1.422814384
TCGA-95-7039-01A-11D-1945-08	1023	26.92105263	1.430092037
TCGA-55-A490-01A-11D-A24D-08	1081	28.44736842	1.454042097
TCGA-86-A4JF-01A-11D-A24P-08	1088	28.63157895	1.456845299
TCGA-86-8073-01A-11D-2238-08	1186	31.21052632	1.494301092
TCGA-MN-A4N4-01A-12D-A24P-08	1195	31.44736842	1.497584309
TCGA-69-7979-01A-11D-2184-08	1222	32.15789474	1.507287609
TCGA-L9-A7SV-01A-11D-A397-08	1275	33.55263158	1.525726588
TCGA-55-7994-01A-11D-2184-08	1279	33.65789474	1.527086948
TCGA-78-7155-01A-11D-2036-08	1285	33.81578947	1.529119531
TCGA-05-4382-01A-01D-1931-08	1404	36.94736842	1.567583511
TCGA-55-8506-01A-11D-2393-08	1458	38.36842105	1.583973927
TCGA-17-Z031-01A-01W-0746-08	1877	49.39473684	1.693680676
